# PIMCID: b2dcef60-8679-4057-b19a-17bc08d1d397
#    Number Bins
             158
             148
             148
             181
             207
             217
             217
             209
             151
             209
             160
             214
             205
             149
             213
             215
             156
             149
             158
             209
             225
             152
             206
             207
             207
             207
             159
             157
             210
             213
             157
             203
             158
             215
             144
             155
             210
             210
             159
             151
             210
             161
             206
             198
             208
             151
             221
             213
             158
             155
             201
             161
             205
             198
             206
             195
             208
             154
             199
             147
             157
             152
             154
             213
             209
             146
             201
             209
             151
             144
             141
             148
             202
             200
             152
             150
             147
             146
             211
             219
             210
             190
             144
             146
             143
             146
             208
             159
             208
             203
             200
             166
             202
             225
             213
             149
             149
             205
             170
             158
             167
             155
             163
             153
             203
             157
             203
             149
             159
             214
             160
             150
             205
             201
             224
             147
             147
             225
             222
             223
             206
             160
             222
             155
             202
             197
             217
             206
             200
             166
             168
             217
             177
             209
             208
             209
             191
             205
             175
             177
             204
             170
             179
             216
             169
             183
             224
             211
             206
             216
             182
             216
             173
             175
             206
             169
             206
             166
             171
             170
             213
             210
             224
             233
             231
             172
             176
             233
             166
             172
             169
             183
             234
             179
             220
             169
             179
             176
             176
             175
             170
             232
             231
             220
             226
             167
             158
             240
             236
             248
              14
              16
              17
              16
              16
             222
              16
             200
             204
              16
             210
              19
              15
              18
             209
