# PIMCID: c98674cb-9818-4827-8ba2-1a996bca1df0
#              K               V               E            E_mu             K/N             V/N             E/N               N             N^2         density
  4.17520746E+02 -6.21721420E+02 -2.04200674E+02 -3.50695128E+01  1.56725561E+01 -2.66135883E+01 -1.09410322E+01  2.34904390E+01  5.56338244E+02  2.44154742E-02
  5.21594605E+02 -6.39734976E+02 -1.18140371E+02  5.61502839E+01  1.97850680E+01 -2.65488791E+01 -6.76381107E+00  2.42070354E+01  5.90019248E+02  2.51602896E-02
  4.12197039E+02 -6.62244827E+02 -2.50047788E+02 -7.46508110E+01  1.52831280E+01 -2.72887527E+01 -1.20056247E+01  2.43606912E+01  5.97580783E+02  2.53199963E-02
  4.54093684E+02 -6.58824402E+02 -2.04730718E+02 -2.80926707E+01  1.71496504E+01 -2.69491292E+01 -9.79947885E+00  2.45330622E+01  6.04937464E+02  2.54991551E-02
  5.23359322E+02 -6.75103625E+02 -1.51744303E+02  2.80496871E+01  1.96778647E+01 -2.71170615E+01 -7.43919681E+00  2.49713876E+01  6.26991388E+02  2.59547413E-02
  4.94460611E+02 -6.68044514E+02 -1.73583904E+02  4.38309613E+00  1.86434860E+01 -2.71199254E+01 -8.47643941E+00  2.47176389E+01  6.14736991E+02  2.56910002E-02
  4.28856978E+02 -6.46849811E+02 -2.17992833E+02 -4.45149466E+01  1.62061209E+01 -2.69374380E+01 -1.07313171E+01  2.40941509E+01  5.84876415E+02  2.50429598E-02
  4.60530527E+02 -6.41528698E+02 -1.80998171E+02 -7.71036209E+00  1.75249741E+01 -2.67579220E+01 -9.23294788E+00  2.40677512E+01  5.83315694E+02  2.50155205E-02
  4.96494397E+02 -6.33502652E+02 -1.37008256E+02  3.55294585E+01  1.91700364E+01 -2.65418688E+01 -7.37183245E+00  2.39635714E+01  5.77867381E+02  2.49072382E-02
  4.33861634E+02 -6.41889392E+02 -2.08027758E+02 -3.51573946E+01  1.61936042E+01 -2.68566746E+01 -1.06630704E+01  2.40097727E+01  5.81065409E+02  2.49552589E-02
  5.08647993E+02 -6.57652840E+02 -1.49004848E+02  2.81556524E+01  1.92253867E+01 -2.68294051E+01 -7.60401832E+00  2.46056250E+01  6.08759952E+02  2.55745753E-02
  4.45285439E+02 -6.52081006E+02 -2.06795567E+02 -3.18916797E+01  1.68713513E+01 -2.69327199E+01 -1.00613686E+01  2.42922066E+01  5.93602817E+02  2.52488147E-02
  4.66357269E+02 -6.39279133E+02 -1.72921864E+02 -3.92760772E-02  1.77059677E+01 -2.67471595E+01 -9.04119182E+00  2.40114706E+01  5.80533431E+02  2.49570236E-02
  4.93820604E+02 -6.31153018E+02 -1.37332414E+02  3.50068583E+01  1.88729758E+01 -2.64925722E+01 -7.61959636E+00  2.39360101E+01  5.76751061E+02  2.48785915E-02
  5.39241157E+02 -6.46177007E+02 -1.06935850E+02  6.88877955E+01  2.03038124E+01 -2.65872599E+01 -6.28344750E+00  2.44199507E+01  6.00420246E+02  2.53815894E-02
  4.81762287E+02 -6.84207527E+02 -2.02445239E+02 -2.31167908E+01  1.80498659E+01 -2.75607307E+01 -9.51086476E+00  2.49067290E+01  6.23865234E+02  2.58875365E-02
  5.30060156E+02 -6.63937818E+02 -1.33877662E+02  4.45023377E+01  1.97582849E+01 -2.69063896E+01 -7.14810467E+00  2.47750000E+01  6.17560755E+02  2.57506202E-02
  4.41687036E+02 -6.66043929E+02 -2.24356893E+02 -4.79922142E+01  1.66754128E+01 -2.72881616E+01 -1.06127488E+01  2.44950943E+01  6.03256887E+02  2.54596921E-02
  4.99432576E+02 -6.88586547E+02 -1.89153971E+02 -7.26924554E+00  1.86601565E+01 -2.73390949E+01 -8.67893837E+00  2.52617674E+01  6.41129953E+02  2.62565561E-02
  4.26680248E+02 -6.53450946E+02 -2.26770698E+02 -5.15255353E+01  1.58645930E+01 -2.69574058E+01 -1.10928128E+01  2.43396059E+01  5.96046404E+02  2.52980806E-02
  4.48512925E+02 -6.44779035E+02 -1.96266111E+02 -2.39883690E+01  1.68838537E+01 -2.70705729E+01 -1.01867192E+01  2.39274641E+01  5.77217608E+02  2.48697090E-02
  4.58209954E+02 -6.50357273E+02 -1.92147319E+02 -1.66569770E+01  1.73751961E+01 -2.67741381E+01 -9.39894200E+00  2.43736585E+01  5.97667707E+02  2.53334742E-02
  4.88238013E+02 -6.64333380E+02 -1.76095367E+02  1.25402848E+00  1.85296479E+01 -2.70615411E+01 -8.53189327E+00  2.46318605E+01  6.09696605E+02  2.56018439E-02
  4.74059606E+02 -6.52046590E+02 -1.77986985E+02 -3.66627775E+00  1.81572310E+01 -2.70277294E+01 -8.87049841E+00  2.42112093E+01  5.89433814E+02  2.51646278E-02
  5.33163443E+02 -6.70200070E+02 -1.37036627E+02  4.16751477E+01  2.01907105E+01 -2.70928970E+01 -6.90218649E+00  2.48210798E+01  6.19357324E+02  2.57985146E-02
  4.93035111E+02 -6.72746120E+02 -1.79711009E+02 -9.10550025E-01  1.83944726E+01 -2.71878534E+01 -8.79338083E+00  2.48333971E+01  6.20663158E+02  2.58113169E-02
  4.80813899E+02 -6.57109521E+02 -1.76295622E+02 -5.94761825E-01  1.79437418E+01 -2.70351504E+01 -9.09140859E+00  2.44028972E+01  6.00507664E+02  2.53638643E-02
  4.30906535E+02 -6.49636300E+02 -2.18729766E+02 -4.55192632E+01  1.63168377E+01 -2.71149402E+01 -1.07981025E+01  2.40570142E+01  5.82372654E+02  2.50043607E-02
  5.22553422E+02 -6.62866611E+02 -1.40313188E+02  3.74172463E+01  1.95899917E+01 -2.69573114E+01 -7.36731969E+00  2.46847826E+01  6.13180435E+02  2.56568501E-02
  4.07222800E+02 -6.37853039E+02 -2.30630239E+02 -5.95589379E+01  1.54552283E+01 -2.69626794E+01 -1.15074511E+01  2.37599029E+01  5.68004660E+02  2.46955494E-02
  4.53627383E+02 -6.59463808E+02 -2.05836425E+02 -3.02349702E+01  1.70647004E+01 -2.71378734E+01 -1.00731730E+01  2.43890909E+01  5.98220000E+02  2.53495143E-02
  5.07994334E+02 -6.57676556E+02 -1.49682223E+02  2.75721775E+01  1.91979130E+01 -2.68185012E+01 -7.62058824E+00  2.46186667E+01  6.09384000E+02  2.55881306E-02
  5.45299627E+02 -6.48414281E+02 -1.03114655E+02  7.24967904E+01  2.07598985E+01 -2.66984643E+01 -5.93856580E+00  2.43904785E+01  5.98404833E+02  2.53509565E-02
  5.57930696E+02 -6.71905636E+02 -1.13974940E+02  6.62264612E+01  2.09778948E+01 -2.69410427E+01 -5.96314791E+00  2.50279724E+01  6.29579217E+02  2.60135544E-02
  4.13405040E+02 -6.41258607E+02 -2.27853567E+02 -5.54779878E+01  1.55739491E+01 -2.69024728E+01 -1.13285237E+01  2.39410526E+01  5.76979904E+02  2.48838326E-02
  4.91973468E+02 -6.69560153E+02 -1.77586685E+02 -6.13845855E-01  1.85594651E+01 -2.73531327E+01 -8.79366766E+00  2.45795610E+01  6.07387171E+02  2.55474849E-02
  5.20663787E+02 -6.63024222E+02 -1.42360436E+02  3.47130156E+01  1.96277802E+01 -2.70616795E+01 -7.43389934E+00  2.45935349E+01  6.08763302E+02  2.55620091E-02
  4.46875406E+02 -6.38485264E+02 -1.91609858E+02 -1.92169354E+01  1.69089843E+01 -2.67903584E+01 -9.88137414E+00  2.39434615E+01  5.77210000E+02  2.48863364E-02
  4.79385505E+02 -6.37001470E+02 -1.57615965E+02  1.47967732E+01  1.84874627E+01 -2.67124507E+01 -8.22498797E+00  2.39462136E+01  5.76580971E+02  2.48891968E-02
  4.02257925E+02 -6.48325975E+02 -2.46068050E+02 -7.27317021E+01  1.48599254E+01 -2.70478632E+01 -1.21879378E+01  2.40744928E+01  5.84040290E+02  2.50225275E-02
  5.44277208E+02 -6.83775240E+02 -1.39498032E+02  4.20301935E+01  2.02799604E+01 -2.72063803E+01 -6.92641989E+00  2.52122535E+01  6.39416009E+02  2.62050924E-02
  4.39796250E+02 -6.38138379E+02 -1.98342129E+02 -2.63464215E+01  1.66427160E+01 -2.68369647E+01 -1.01942487E+01  2.38882927E+01  5.74578146E+02  2.48289950E-02
  4.20965414E+02 -6.43061980E+02 -2.22096567E+02 -4.90485285E+01  1.59094604E+01 -2.68593498E+01 -1.09498894E+01  2.40344498E+01  5.81582775E+02  2.49809077E-02
  5.44912464E+02 -6.65184666E+02 -1.20272202E+02  5.79284772E+01  2.06048968E+01 -2.69725400E+01 -6.36764317E+00  2.47500943E+01  6.15957642E+02  2.57247338E-02
  4.54402575E+02 -6.25840479E+02 -1.71437904E+02 -6.93703082E-01  1.71819347E+01 -2.65209189E+01 -9.33898421E+00  2.37144724E+01  5.66662010E+02  2.46483298E-02
  4.33941252E+02 -6.37672928E+02 -2.03731675E+02 -3.18532048E+01  1.64628463E+01 -2.68320839E+01 -1.03692377E+01  2.38720098E+01  5.73689755E+02  2.48120709E-02
  4.74121865E+02 -6.35231916E+02 -1.61110051E+02  1.05472160E+01  1.81555389E+01 -2.67688542E+01 -8.61331528E+00  2.38412871E+01  5.72215743E+02  2.47801384E-02
  5.28302186E+02 -6.94271937E+02 -1.65969752E+02  1.64405038E+01  1.95811069E+01 -2.74932102E+01 -7.91210336E+00  2.53347577E+01  6.45103392E+02  2.63324207E-02
  4.81731808E+02 -6.78410258E+02 -1.96678450E+02 -1.68485418E+01  1.81661892E+01 -2.72368027E+01 -9.07061348E+00  2.49763761E+01  6.26530321E+02  2.59599264E-02
  4.92847086E+02 -6.47755016E+02 -1.54907931E+02  1.95634513E+01  1.87116698E+01 -2.68489404E+01 -8.13727068E+00  2.42321364E+01  5.90981318E+02  2.51863790E-02
  4.83445172E+02 -6.39706139E+02 -1.56260967E+02  1.65083134E+01  1.83199232E+01 -2.67843553E+01 -8.46443210E+00  2.39957333E+01  5.79715822E+02  2.49406666E-02
  5.31705923E+02 -6.40210886E+02 -1.08504962E+02  6.57864196E+01  2.03244357E+01 -2.65553999E+01 -6.23096421E+00  2.42071364E+01  5.89996227E+02  2.51603945E-02
  4.78229845E+02 -6.28577695E+02 -1.50347851E+02  2.13188040E+01  1.82601527E+01 -2.64832332E+01 -8.22308048E+00  2.38425909E+01  5.72554227E+02  2.47814935E-02
  4.95147110E+02 -6.67622661E+02 -1.72475551E+02  6.21650004E+00  1.84896981E+01 -2.70023021E+01 -8.51260397E+00  2.48183404E+01  6.19334766E+02  2.57956673E-02
  5.19488025E+02 -6.84207632E+02 -1.64719608E+02  1.60950813E+01  1.95157924E+01 -2.73208634E+01 -7.80507107E+00  2.51131513E+01  6.33986345E+02  2.61020876E-02
  4.99790725E+02 -6.65063744E+02 -1.65273018E+02  1.26804840E+01  1.88462598E+01 -2.70104019E+01 -8.16414212E+00  2.47157642E+01  6.14010524E+02  2.56890517E-02
  5.79794211E+02 -6.90001183E+02 -1.10206972E+02  7.29039244E+01  2.14761413E+01 -2.72220410E+01 -5.74589976E+00  2.54320690E+01  6.50434483E+02  2.64335640E-02
  5.26672201E+02 -6.78481167E+02 -1.51808967E+02  2.84945271E+01  1.97980742E+01 -2.71802310E+01 -7.38215680E+00  2.50421519E+01  6.29993544E+02  2.60282923E-02
  5.11708959E+02 -6.69883401E+02 -1.58174443E+02  2.10809418E+01  1.91393115E+01 -2.70031987E+01 -7.86388718E+00  2.48965812E+01  6.23301966E+02  2.58769891E-02
  4.25116920E+02 -6.49517778E+02 -2.24400858E+02 -5.04903714E+01  1.58480538E+01 -2.70144321E+01 -1.11663784E+01  2.41542342E+01  5.87309279E+02  2.51054091E-02
  4.73610264E+02 -6.41707454E+02 -1.68097189E+02  5.59491598E+00  1.78714594E+01 -2.67112582E+01 -8.83979874E+00  2.41239035E+01  5.86274079E+02  2.50738840E-02
  4.91889895E+02 -6.64679625E+02 -1.72789730E+02  4.94007915E+00  1.86051664E+01 -2.70160219E+01 -8.41085546E+00  2.46846957E+01  6.12376261E+02  2.56567597E-02
  4.34561392E+02 -6.32891645E+02 -1.98330253E+02 -2.81137437E+01  1.66767659E+01 -2.68871175E+01 -1.02103516E+01  2.36411818E+01  5.62665909E+02  2.45721531E-02
  5.06160673E+02 -6.50596268E+02 -1.44435595E+02  3.12807353E+01  1.91800429E+01 -2.67635681E+01 -7.58352524E+00  2.44050459E+01  5.99206514E+02  2.53660975E-02
  5.43645180E+02 -6.76327181E+02 -1.32682002E+02  4.79716577E+01  2.03669521E+01 -2.70459990E+01 -6.67904683E+00  2.50907860E+01  6.32969301E+02  2.60788416E-02
  4.97753196E+02 -6.35652070E+02 -1.37898874E+02  3.47908354E+01  1.88287237E+01 -2.66395735E+01 -7.81084974E+00  2.39846818E+01  5.79516136E+02  2.49291799E-02
  4.45611886E+02 -6.58832299E+02 -2.13220413E+02 -3.75064931E+01  1.66046995E+01 -2.71112816E+01 -1.05065820E+01  2.44047111E+01  5.99434667E+02  2.53657496E-02
  4.26600170E+02 -6.56297743E+02 -2.29697573E+02 -5.51784577E+01  1.61203174E+01 -2.71754429E+01 -1.10551255E+01  2.42387660E+01  5.90924043E+02  2.51932697E-02
  4.92717784E+02 -6.65702296E+02 -1.72984513E+02  5.53416557E+00  1.85326713E+01 -2.69421525E+01 -8.40948117E+00  2.47942609E+01  6.17974261E+02  2.57706395E-02
  5.18303871E+02 -6.57986342E+02 -1.39682471E+02  3.78075831E+01  1.94598060E+01 -2.67907659E+01 -7.33095982E+00  2.46513964E+01  6.11529955E+02  2.56221492E-02
  4.89046836E+02 -6.47874618E+02 -1.58827782E+02  1.58046946E+01  1.86558054E+01 -2.67970727E+01 -8.14126733E+00  2.42545106E+01  5.92691447E+02  2.52096344E-02
  5.07147517E+02 -6.37600294E+02 -1.30452778E+02  4.32763948E+01  1.93700172E+01 -2.65446457E+01 -7.17462847E+00  2.41290517E+01  5.85698966E+02  2.50792350E-02
  5.11894881E+02 -6.82739467E+02 -1.70844586E+02  1.05314137E+01  1.90826189E+01 -2.71899452E+01 -8.10732629E+00  2.51911111E+01  6.37761600E+02  2.61831174E-02
  4.81078679E+02 -6.35275133E+02 -1.54196455E+02  1.89886314E+01  1.81128337E+01 -2.65321494E+01 -8.41931567E+00  2.40534842E+01  5.82987873E+02  2.50006916E-02
  5.01049936E+02 -6.56453029E+02 -1.55403094E+02  2.10871420E+01  1.87185848E+01 -2.68855755E+01 -8.16699073E+00  2.45125328E+01  6.05227031E+02  2.54778172E-02
  4.94475097E+02 -6.58511275E+02 -1.64036179E+02  1.31916695E+01  1.86545949E+01 -2.68485173E+01 -8.19392245E+00  2.46149789E+01  6.09864684E+02  2.55842976E-02
  3.94216398E+02 -6.27484896E+02 -2.33268498E+02 -6.45479743E+01  1.50449040E+01 -2.68996890E+01 -1.18547850E+01  2.34334061E+01  5.52738122E+02  2.43561954E-02
  4.14427880E+02 -6.61904561E+02 -2.47476681E+02 -7.16053044E+01  1.52906901E+01 -2.71975708E+01 -1.19068807E+01  2.44265801E+01  6.00951255E+02  2.53884798E-02
  5.25463917E+02 -6.90434301E+02 -1.64970384E+02  1.62878157E+01  1.95914383E+01 -2.75188778E+01 -7.92743945E+00  2.51747500E+01  6.36742167E+02  2.61661120E-02
  4.39843508E+02 -6.61558725E+02 -2.21715217E+02 -4.56085857E+01  1.63245036E+01 -2.71569138E+01 -1.08324102E+01  2.44592544E+01  6.02279693E+02  2.54224408E-02
  4.27130663E+02 -6.55181551E+02 -2.28050888E+02 -5.31506847E+01  1.58960977E+01 -2.70812279E+01 -1.11851301E+01  2.42916949E+01  5.94222288E+02  2.52482829E-02
  4.78947174E+02 -6.27398058E+02 -1.48450884E+02  2.27199139E+01  1.85746578E+01 -2.65004657E+01 -7.92580783E+00  2.37737220E+01  5.68410045E+02  2.47099126E-02
  4.71666126E+02 -6.70262923E+02 -1.98596797E+02 -2.04417969E+01  1.76784756E+01 -2.71814109E+01 -9.50293529E+00  2.47437500E+01  6.15660714E+02  2.57181396E-02
  4.90253977E+02 -6.56460396E+02 -1.66206418E+02  1.02968328E+01  1.85154327E+01 -2.68815945E+01 -8.36616181E+00  2.45143404E+01  6.04647872E+02  2.54796960E-02
  4.75526694E+02 -6.63543840E+02 -1.88017146E+02 -1.08254420E+01  1.78361219E+01 -2.70618933E+01 -9.22577143E+00  2.46099588E+01  6.09421893E+02  2.55790798E-02
  4.60500117E+02 -6.47243213E+02 -1.86743096E+02 -1.26754600E+01  1.74833389E+01 -2.68751566E+01 -9.39181768E+00  2.41760606E+01  5.88221429E+02  2.51280950E-02
  5.28311832E+02 -6.95099248E+02 -1.66787415E+02  1.64577491E+01  1.94781822E+01 -2.73970486E+01 -7.91886643E+00  2.54507173E+01  6.51045232E+02  2.64529467E-02
  4.71345965E+02 -6.63888789E+02 -1.92542823E+02 -1.68790910E+01  1.76317895E+01 -2.73200496E+01 -9.68826011E+00  2.43977406E+01  5.99505941E+02  2.53585046E-02
  4.48453543E+02 -6.57593860E+02 -2.09140317E+02 -3.25522477E+01  1.68645292E+01 -2.69095687E+01 -1.00450395E+01  2.45261207E+01  6.04633190E+02  2.54919402E-02
  5.50083847E+02 -6.40446095E+02 -9.03622478E+01  8.39728048E+01  2.11815929E+01 -2.65579700E+01 -5.37637709E+00  2.42132018E+01  5.89797412E+02  2.51666988E-02
  5.41583399E+02 -6.70924539E+02 -1.29341140E+02  4.99708269E+01  2.00807432E+01 -2.70512138E+01 -6.97047066E+00  2.49044398E+01  6.24218548E+02  2.58851573E-02
  4.87281295E+02 -6.23800746E+02 -1.36519451E+02  3.36246532E+01  1.86856007E+01 -2.65342261E+01 -7.84862532E+00  2.36311255E+01  5.62391645E+02  2.45617008E-02
  5.10579532E+02 -6.56833478E+02 -1.46253946E+02  3.07698445E+01  1.92782717E+01 -2.68169246E+01 -7.53865287E+00  2.45866376E+01  6.08230131E+02  2.55548402E-02
  5.02752739E+02 -6.62886162E+02 -1.60133423E+02  1.69990325E+01  1.89579411E+01 -2.70537253E+01 -8.09578418E+00  2.46017300E+01  6.08701899E+02  2.55705269E-02
  4.73528068E+02 -6.62853619E+02 -1.89325551E+02 -1.25924347E+01  1.77233161E+01 -2.71021925E+01 -9.37887644E+00  2.45462661E+01  6.06421459E+02  2.55128789E-02
  5.06585570E+02 -6.35777323E+02 -1.29191753E+02  4.42455105E+01  1.93989841E+01 -2.64928566E+01 -7.09387256E+00  2.40885088E+01  5.84315000E+02  2.50370955E-02
  2.11184298E+02 -6.31755268E+02 -4.20570970E+02 -2.54723770E+02  7.21636779E+00 -2.75711615E+01 -2.03547937E+01  2.30343333E+01  5.34375000E+02  2.39414074E-02
  4.28723342E+02 -6.06733960E+02 -1.78010618E+02 -1.07231176E+01  1.66550398E+01 -2.62327588E+01 -9.57771897E+00  2.32343750E+01  5.42928125E+02  2.41493266E-02
  3.15788662E+02 -6.42433967E+02 -3.26645305E+02 -1.56647905E+02  1.15837659E+01 -2.73319275E+01 -1.57481615E+01  2.36107500E+01  5.61515750E+02  2.45405229E-02
  5.87434263E+02 -6.27348385E+02 -3.99141217E+01  1.32324702E+02  2.30539672E+01 -2.63293811E+01 -3.27541391E+00  2.39220588E+01  5.75578529E+02  2.48640908E-02
