# PIMCID: c98674cb-9818-4827-8ba2-1a996bca1df0
#    Number Bins
             205
             226
             217
             209
             209
             216
             212
             209
             210
             220
             208
             213
             204
             198
             203
             214
             212
             212
             215
             203
             209
             205
             215
             215
             213
             209
             214
             211
             207
             206
             209
             210
             209
             217
             209
             205
             215
             208
             206
             207
             213
             205
             209
             212
             199
             204
             202
             227
             218
             220
             225
             220
             220
             235
             238
             229
             232
             237
             234
             222
             228
             230
             220
             218
             229
             220
             225
             235
             230
             222
             235
             232
             225
             221
             229
             237
             229
             231
             240
             228
             236
             223
             224
             235
             243
             231
             237
             239
             232
             228
             241
             231
             229
             237
             233
             228
              30
              32
              40
              34
