# PIMCID: a48c7b1e-9699-4db5-b21f-f7eaecb6ffec
#              K               V               E            E_mu             K/N             V/N             E/N               N             N^2         density
  4.91228536E+02 -6.67487539E+02 -1.76259003E+02  2.41026367E+00  1.85801908E+01 -2.69848653E+01 -8.40467454E+00  2.48151759E+01  6.18591558E+02  2.57923782E-02
  4.53742966E+02 -6.53729899E+02 -1.99986933E+02 -2.43851784E+01  1.73685123E+01 -2.68887563E+01 -9.52024404E+00  2.43891327E+01  5.97736888E+02  2.53495577E-02
  4.14092225E+02 -6.32163823E+02 -2.18071598E+02 -4.71552230E+01  1.59296651E+01 -2.67356323E+01 -1.08059672E+01  2.37383854E+01  5.67032240E+02  2.46731845E-02
  4.78846069E+02 -6.40385503E+02 -1.61539433E+02  1.13246020E+01  1.86025007E+01 -2.67585324E+01 -8.15603167E+00  2.40088938E+01  5.79574115E+02  2.49543453E-02
  4.62369455E+02 -6.57843635E+02 -1.95474180E+02 -2.03303425E+01  1.77471638E+01 -2.71338103E+01 -9.38664646E+00  2.43255330E+01  5.94599645E+02  2.52834535E-02
  4.17846662E+02 -6.32462170E+02 -2.14615508E+02 -4.32243210E+01  1.57814273E+01 -2.66890872E+01 -1.09076599E+01  2.38043316E+01  5.70527968E+02  2.47417276E-02
  4.90829779E+02 -6.86244473E+02 -1.95414694E+02 -1.46006535E+01  1.85521552E+01 -2.73860699E+01 -8.83391469E+00  2.51130612E+01  6.33741633E+02  2.61019940E-02
  5.11414080E+02 -6.68083506E+02 -1.56669426E+02  2.17672514E+01  1.96216812E+01 -2.70190487E+01 -7.39736751E+00  2.47828718E+01  6.17065846E+02  2.57588020E-02
  5.07312932E+02 -6.67295687E+02 -1.59982755E+02  1.93122296E+01  1.91486479E+01 -2.68827004E+01 -7.73405242E+00  2.49020812E+01  6.23070711E+02  2.58827058E-02
  5.26781672E+02 -6.89927084E+02 -1.63145412E+02  1.91262245E+01  1.97380035E+01 -2.73080470E+01 -7.57004345E+00  2.53155051E+01  6.44328030E+02  2.63124099E-02
  5.20492594E+02 -6.61866546E+02 -1.41373952E+02  3.65931497E+01  1.98439336E+01 -2.68534851E+01 -7.00955150E+00  2.47176531E+01  6.14293571E+02  2.56910150E-02
  5.50634851E+02 -6.78703739E+02 -1.28068888E+02  5.26108344E+01  2.08457641E+01 -2.71165135E+01 -6.27074933E+00  2.50944059E+01  6.32875495E+02  2.60826041E-02
  5.01675285E+02 -6.73464918E+02 -1.71789633E+02  7.72195475E+00  1.90638382E+01 -2.70822962E+01 -8.01845800E+00  2.49321649E+01  6.24334948E+02  2.59139742E-02
  4.44656480E+02 -6.41199412E+02 -1.96542932E+02 -2.39921344E+01  1.72223045E+01 -2.68349507E+01 -9.61264611E+00  2.39653886E+01  5.77705078E+02  2.49091269E-02
  4.67199038E+02 -6.40159804E+02 -1.72960766E+02  5.31858969E-01  1.78318030E+01 -2.66760807E+01 -8.84427764E+00  2.40961979E+01  5.84082135E+02  2.50450874E-02
  4.54378972E+02 -6.58965447E+02 -2.04586475E+02 -2.80072407E+01  1.71692391E+01 -2.69643381E+01 -9.79509899E+00  2.45248936E+01  6.04619681E+02  2.54906648E-02
  4.39903705E+02 -6.48309798E+02 -2.08406093E+02 -3.42647184E+01  1.67074182E+01 -2.69063688E+01 -1.01989506E+01  2.41863021E+01  5.88645781E+02  2.51387398E-02
  4.65462212E+02 -6.61543994E+02 -1.96081782E+02 -1.94255243E+01  1.76167921E+01 -2.70598975E+01 -9.44310540E+00  2.45355914E+01  6.04985054E+02  2.55017839E-02
  4.71768874E+02 -6.46661550E+02 -1.74892676E+02 -5.69570055E-01  1.82590663E+01 -2.67933994E+01 -8.53433309E+00  2.42115426E+01  5.89168032E+02  2.51649742E-02
  4.83655957E+02 -6.33619654E+02 -1.49963697E+02  2.10126611E+01  1.88914334E+01 -2.67707735E+01 -7.87934007E+00  2.37467164E+01  5.67418657E+02  2.46818436E-02
  5.67267381E+02 -6.61973792E+02 -9.47064112E+01  8.34471488E+01  2.17039719E+01 -2.68407004E+01 -5.13672851E+00  2.47435500E+01  6.15026850E+02  2.57179317E-02
  5.05613956E+02 -6.59796029E+02 -1.54182073E+02  2.36748904E+01  1.92663004E+01 -2.67923702E+01 -7.52606982E+00  2.47023560E+01  6.13500890E+02  2.56751155E-02
  5.03459921E+02 -6.42174849E+02 -1.38714928E+02  3.49121768E+01  1.95219022E+01 -2.67238741E+01 -7.20197188E+00  2.41148756E+01  5.84767910E+02  2.50645006E-02
  5.09894930E+02 -6.42849171E+02 -1.32954241E+02  4.18625213E+01  1.96441304E+01 -2.65705133E+01 -6.92638292E+00  2.42801058E+01  5.92697037E+02  2.52362375E-02
  5.05804458E+02 -6.73786164E+02 -1.67981707E+02  1.09332278E+01  1.90930028E+01 -2.71935338E+01 -8.10053095E+00  2.48492965E+01  6.20880352E+02  2.58278424E-02
  5.06532464E+02 -6.42864130E+02 -1.36331666E+02  3.85752815E+01  1.93104314E+01 -2.65730503E+01 -7.26261888E+00  2.42926316E+01  5.93804211E+02  2.52492565E-02
  5.45710065E+02 -6.80582015E+02 -1.34871950E+02  4.67105877E+01  2.06151478E+01 -2.70547080E+01 -6.43956026E+00  2.52197970E+01  6.38691472E+02  2.62129329E-02
  5.02469444E+02 -6.46318366E+02 -1.43848922E+02  3.12947895E+01  1.93773631E+01 -2.66536650E+01 -7.27630192E+00  2.43255155E+01  5.94689845E+02  2.52834353E-02
  5.15653254E+02 -6.63172163E+02 -1.47518909E+02  3.03130506E+01  1.97439994E+01 -2.69290025E+01 -7.18500317E+00  2.46988832E+01  6.13137360E+02  2.56715060E-02
  5.43623198E+02 -6.96597679E+02 -1.52974481E+02  3.01267620E+01  2.04839328E+01 -2.74539323E+01 -6.96999946E+00  2.54307282E+01  6.49292282E+02  2.64321704E-02
  4.97292465E+02 -6.68176346E+02 -1.70883881E+02  6.50728364E+00  1.90488863E+01 -2.71970762E+01 -8.14818992E+00  2.46376617E+01  6.09803831E+02  2.56078736E-02
  5.25421089E+02 -6.71912527E+02 -1.46491438E+02  3.26902473E+01  2.00380142E+01 -2.70677789E+01 -7.02976471E+00  2.48863452E+01  6.22049797E+02  2.58663500E-02
  5.16723231E+02 -6.46103361E+02 -1.29380130E+02  4.56503619E+01  1.99544043E+01 -2.66631279E+01 -6.70872357E+00  2.43097906E+01  5.94080366E+02  2.52670912E-02
  4.64862586E+02 -6.72938290E+02 -2.08075704E+02 -2.84073639E+01  1.73185436E+01 -2.70557193E+01 -9.73717567E+00  2.49539362E+01  6.25995851E+02  2.59366027E-02
  4.64073361E+02 -6.55648513E+02 -1.91575152E+02 -1.58174978E+01  1.77768798E+01 -2.69334954E+01 -9.15661555E+00  2.44107853E+01  5.99295812E+02  2.53720630E-02
  5.50349376E+02 -6.49776716E+02 -9.94273398E+01  7.68429848E+01  2.09935586E+01 -2.66362626E+01 -5.64270402E+00  2.44819895E+01  6.03123665E+02  2.54460712E-02
  4.94787558E+02 -6.48222318E+02 -1.53434759E+02  2.27271455E+01  1.87354237E+01 -2.65753161E+01 -7.83989238E+00  2.44669312E+01  6.02462698E+02  2.54304199E-02
  4.98848398E+02 -6.58793150E+02 -1.59944752E+02  1.69322479E+01  1.87901468E+01 -2.69203153E+01 -8.13016845E+00  2.45662500E+01  6.07166354E+02  2.55336498E-02
  4.79681142E+02 -6.31962039E+02 -1.52280898E+02  1.99818121E+01  1.84873417E+01 -2.65106330E+01 -8.02329129E+00  2.39253763E+01  5.76320108E+02  2.48675390E-02
  5.34488778E+02 -6.37724385E+02 -1.03235607E+02  7.08285184E+01  2.06731950E+01 -2.64782590E+01 -5.80506398E+00  2.41755729E+01  5.88230469E+02  2.51275881E-02
  4.95814195E+02 -6.62147967E+02 -1.66333772E+02  1.06181082E+01  1.88691779E+01 -2.70342264E+01 -8.16504850E+00  2.45766500E+01  6.07443350E+02  2.55444593E-02
  4.68467685E+02 -6.36370455E+02 -1.67902770E+02  4.52081599E+00  1.81208260E+01 -2.66698332E+01 -8.54900727E+00  2.39477202E+01  5.76935596E+02  2.48907628E-02
  4.95682174E+02 -6.50456684E+02 -1.54774510E+02  2.07137347E+01  1.91490008E+01 -2.67600525E+01 -7.61105167E+00  2.43733673E+01  5.96919388E+02  2.53331715E-02
  4.51428240E+02 -6.56045231E+02 -2.04616992E+02 -2.91349916E+01  1.71356012E+01 -2.70003827E+01 -9.86478141E+00  2.43725000E+01  5.97816250E+02  2.53322700E-02
  4.49411646E+02 -6.67863233E+02 -2.18451588E+02 -4.12080001E+01  1.68666267E+01 -2.72259402E+01 -1.03593135E+01  2.46171649E+01  6.09444278E+02  2.55865697E-02
  5.02925091E+02 -6.54358009E+02 -1.51432917E+02  2.53421438E+01  1.93260828E+01 -2.67279922E+01 -7.40190946E+00  2.45520918E+01  6.05778520E+02  2.55189341E-02
  4.53386274E+02 -6.44221963E+02 -1.90835689E+02 -1.76142877E+01  1.71993547E+01 -2.68882844E+01 -9.68892967E+00  2.40585279E+01  5.82681675E+02  2.50059340E-02
  4.98229414E+02 -6.59655012E+02 -1.61425599E+02  1.54344629E+01  1.89447384E+01 -2.69440968E+01 -7.99935836E+00  2.45638974E+01  6.06409436E+02  2.55312046E-02
  4.67279036E+02 -6.52061304E+02 -1.84782268E+02 -9.27075488E+00  1.77531008E+01 -2.68504931E+01 -9.09739221E+00  2.43765990E+01  5.97549594E+02  2.53365304E-02
  5.37721871E+02 -6.75718047E+02 -1.37996176E+02  4.22437031E+01  2.02203973E+01 -2.70696817E+01 -6.84928442E+00  2.50333166E+01  6.30133417E+02  2.60191091E-02
  5.67355683E+02 -7.05112024E+02 -1.37756341E+02  4.68424373E+01  2.11444680E+01 -2.75686332E+01 -6.42416529E+00  2.56387192E+01  6.59958325E+02  2.66483520E-02
  4.64276642E+02 -6.41656212E+02 -1.77379571E+02 -4.10852579E+00  1.76562677E+01 -2.67772807E+01 -9.12101292E+00  2.40654229E+01  5.82748109E+02  2.50131005E-02
  4.32287891E+02 -6.39596192E+02 -2.07308301E+02 -3.46639869E+01  1.66439764E+01 -2.67587302E+01 -1.01147538E+01  2.39783770E+01  5.78441204E+02  2.49226267E-02
  5.24149007E+02 -6.49501856E+02 -1.25352849E+02  5.05193879E+01  2.02159577E+01 -2.66782453E+01 -6.46228756E+00  2.44266995E+01  5.99502069E+02  2.53886039E-02
  4.81131568E+02 -6.54540627E+02 -1.73409059E+02  2.56298171E+00  1.82311233E+01 -2.68833369E+01 -8.65221357E+00  2.44405612E+01  6.00723112E+02  2.54030115E-02
  5.50309379E+02 -6.52619576E+02 -1.02310197E+02  7.36791895E+01  2.12450721E+01 -2.67892449E+01 -5.54417289E+00  2.44429703E+01  6.00361881E+02  2.54055154E-02
  4.77180002E+02 -6.54249467E+02 -1.77069465E+02 -8.00512512E-01  1.82182880E+01 -2.68016121E+01 -8.58332406E+00  2.44817989E+01  6.03125926E+02  2.54458731E-02
  4.49443549E+02 -6.57931769E+02 -2.08488221E+02 -3.25092565E+01  1.71402120E+01 -2.69890781E+01 -9.84886608E+00  2.44415228E+01  6.01365279E+02  2.54040110E-02
  5.33413457E+02 -6.53361886E+02 -1.19948429E+02  5.63745057E+01  2.03338192E+01 -2.67601129E+01 -6.42629374E+00  2.44892965E+01  6.04004573E+02  2.54536659E-02
  5.16847290E+02 -6.65556636E+02 -1.48709347E+02  3.03116795E+01  1.94794767E+01 -2.68550444E+01 -7.37556770E+00  2.48640314E+01  6.21397539E+02  2.58431576E-02
  4.95403963E+02 -6.41993887E+02 -1.46589924E+02  2.71064027E+01  1.90981491E+01 -2.67032963E+01 -7.60514728E+00  2.41244898E+01  5.85421327E+02  2.50744934E-02
  5.48835075E+02 -6.78668084E+02 -1.29833009E+02  5.00896971E+01  2.09870092E+01 -2.72282342E+01 -6.24122501E+00  2.49892647E+01  6.26848284E+02  2.59733225E-02
  4.82957026E+02 -6.44619367E+02 -1.61662341E+02  1.20055992E+01  1.87479235E+01 -2.68159433E+01 -8.06801986E+00  2.41205473E+01  5.84868905E+02  2.50703956E-02
  5.03377807E+02 -6.64887788E+02 -1.61509981E+02  1.70066716E+01  1.92358297E+01 -2.68869937E+01 -7.65116403E+00  2.47939796E+01  6.17853367E+02  2.57703472E-02
  5.03611224E+02 -6.83308326E+02 -1.79697102E+02  2.09235268E+00  1.89125862E+01 -2.71344429E+01 -8.22185677E+00  2.52485354E+01  6.40061364E+02  2.62428030E-02
  5.06649461E+02 -6.38230049E+02 -1.31580588E+02  4.25194532E+01  1.92453872E+01 -2.65020120E+01 -7.25662476E+00  2.41805612E+01  5.89149133E+02  2.51327729E-02
  5.12592666E+02 -6.72517957E+02 -1.59925291E+02  1.98836458E+01  1.93757608E+01 -2.69973998E+01 -7.62163899E+00  2.49734634E+01  6.26857756E+02  2.59568989E-02
  3.90681502E+02 -6.41501016E+02 -2.50819514E+02 -7.96468576E+01  1.50645342E+01 -2.70757399E+01 -1.20112057E+01  2.37739801E+01  5.68112687E+02  2.47101809E-02
  5.09645771E+02 -6.67294555E+02 -1.57648784E+02  2.11569472E+01  1.93502830E+01 -2.69405794E+01 -7.59029640E+00  2.48341294E+01  6.20523483E+02  2.58120780E-02
  4.88235978E+02 -6.75161164E+02 -1.86925186E+02 -7.49258903E+00  1.84947265E+01 -2.71722771E+01 -8.67755058E+00  2.49211940E+01  6.23628955E+02  2.59025712E-02
  4.63061423E+02 -6.62847424E+02 -1.99786001E+02 -2.38735233E+01  1.77159005E+01 -2.72198384E+01 -9.50393795E+00  2.44322886E+01  5.99869005E+02  2.53944130E-02
  4.62816128E+02 -6.57709364E+02 -1.94893236E+02 -1.95461900E+01  1.78412725E+01 -2.70833851E+01 -9.24211262E+00  2.43537563E+01  5.96039645E+02  2.53127883E-02
  5.32225440E+02 -6.87251204E+02 -1.55025764E+02  2.64685021E+01  2.00983826E+01 -2.73326838E+01 -7.23430126E+00  2.52075369E+01  6.38076995E+02  2.62001901E-02
  5.60011909E+02 -6.77261081E+02 -1.17249172E+02  6.41904770E+01  2.12606803E+01 -2.69443951E+01 -5.68371479E+00  2.51999512E+01  6.37287854E+02  2.61923056E-02
  5.18255983E+02 -6.69587892E+02 -1.51331909E+02  2.83822620E+01  1.95762726E+01 -2.69108052E+01 -7.33453257E+00  2.49603015E+01  6.25857085E+02  2.59432187E-02
  4.15119511E+02 -6.50971451E+02 -2.35851939E+02 -6.19738242E+01  1.57053832E+01 -2.70594266E+01 -1.13540434E+01  2.41497382E+01  5.86509529E+02  2.51007361E-02
  4.87138806E+02 -6.49862457E+02 -1.62723651E+02  1.21568883E+01  1.86198107E+01 -2.68400102E+01 -8.22019954E+00  2.42889637E+01  5.94338083E+02  2.52454442E-02
  5.29699778E+02 -7.12032341E+02 -1.82332563E+02  2.88931379E+00  1.95553878E+01 -2.77438187E+01 -8.18843084E+00  2.57252607E+01  6.64518910E+02  2.67383014E-02
  4.98859990E+02 -6.66048402E+02 -1.67188412E+02  1.14048185E+01  1.88565956E+01 -2.69221136E+01 -8.06551803E+00  2.48046154E+01  6.19112615E+02  2.57814018E-02
  4.63882315E+02 -6.77529582E+02 -2.13647267E+02 -3.45371582E+01  1.74302928E+01 -2.73165952E+01 -9.88630241E+00  2.48764039E+01  6.21957094E+02  2.58560173E-02
  5.25614593E+02 -6.38924959E+02 -1.13310365E+02  5.99292327E+01  2.04082453E+01 -2.66504340E+01 -6.24218869E+00  2.40610553E+01  5.82349899E+02  2.50085609E-02
  4.98618903E+02 -6.55979978E+02 -1.57361075E+02  1.98598000E+01  1.88488035E+01 -2.67491038E+01 -7.90030028E+00  2.46140104E+01  6.09427760E+02  2.55832910E-02
  5.07116797E+02 -6.56014392E+02 -1.48897595E+02  2.88006551E+01  1.92699499E+01 -2.66587228E+01 -7.38877286E+00  2.46803125E+01  6.12741146E+02  2.56522040E-02
  5.06039266E+02 -6.76457561E+02 -1.70418296E+02  1.00984962E+01  1.89883605E+01 -2.70593890E+01 -8.07102854E+00  2.50717766E+01  6.32021624E+02  2.60590837E-02
  4.56233471E+02 -6.44675436E+02 -1.88441965E+02 -1.45318702E+01  1.75291588E+01 -2.67795307E+01 -9.25037190E+00  2.41541799E+01  5.86591217E+02  2.51053527E-02
  4.87488119E+02 -6.50719186E+02 -1.63231067E+02  1.18473246E+01  1.86826855E+01 -2.68531616E+01 -8.17047609E+00  2.43164433E+01  5.94598402E+02  2.52740059E-02
  5.24947126E+02 -6.63079849E+02 -1.38132723E+02  3.97090419E+01  2.00631399E+01 -2.69154353E+01 -6.85229539E+00  2.47002451E+01  6.13253873E+02  2.56729215E-02
  4.49383782E+02 -6.46860556E+02 -1.97476775E+02 -2.37038122E+01  1.73508972E+01 -2.68844930E+01 -9.53359587E+00  2.41351337E+01  5.85692674E+02  2.50855564E-02
  4.89185947E+02 -6.49153288E+02 -1.59967342E+02  1.40254336E+01  1.88758432E+01 -2.69559587E+01 -8.08011549E+00  2.41656633E+01  5.87090765E+02  2.51172882E-02
  5.19155286E+02 -6.36318095E+02 -1.17162808E+02  5.64675915E+01  2.01769937E+01 -2.64663030E+01 -6.28930934E+00  2.41153333E+01  5.85033795E+02  2.50649764E-02
  5.71675352E+02 -6.72249478E+02 -1.00574125E+02  7.93995947E+01  2.18160396E+01 -2.69623108E+01 -5.14627121E+00  2.49963500E+01  6.27632450E+02  2.59806868E-02
  4.63528108E+02 -6.38206296E+02 -1.74678188E+02 -2.17029186E+00  1.77575904E+01 -2.67332368E+01 -8.97564644E+00  2.39594301E+01  5.78047824E+02  2.49029337E-02
  4.86118900E+02 -6.46883023E+02 -1.60764123E+02  1.34896261E+01  1.85215290E+01 -2.68400888E+01 -8.31855987E+00  2.42019095E+01  5.89203116E+02  2.51549619E-02
  5.17111276E+02 -6.46722245E+02 -1.29610969E+02  4.52090311E+01  1.99372467E+01 -2.67298678E+01 -6.79262114E+00  2.42805556E+01  5.92967626E+02  2.52367049E-02
  4.64784584E+02 -6.46232267E+02 -1.81447683E+02 -7.65415513E+00  1.78867789E+01 -2.68637392E+01 -8.97696034E+00  2.41379899E+01  5.85764623E+02  2.50885252E-02
  5.32089229E+02 -6.96389856E+02 -1.64300628E+02  1.89023339E+01  1.99550406E+01 -2.74263247E+01 -7.47128403E+00  2.54448558E+01  6.50208606E+02  2.64468543E-02
  5.15274640E+02 -6.82749871E+02 -1.67475231E+02  1.29084159E+01  1.93163940E+01 -2.73431915E+01 -8.02679750E+00  2.50532843E+01  6.30717304E+02  2.60398631E-02
  5.03450836E+02 -6.62955659E+02 -1.59504822E+02  1.83724443E+01  1.93656886E+01 -2.69062817E+01 -7.54059307E+00  2.47051759E+01  6.12741658E+02  2.56780464E-02
  5.70737124E+02 -6.64264828E+02 -9.35277041E+01  8.63423447E+01  2.17488368E+01 -2.66615590E+01 -4.91272218E+00  2.49819512E+01  6.26897171E+02  2.59657210E-02
  4.38713142E+02 -6.31214081E+02 -1.92500939E+02 -2.17456696E+01  1.68968981E+01 -2.67205575E+01 -9.82365943E+00  2.37160096E+01  5.65949375E+02  2.46499276E-02
  5.26379261E+02 -6.78606316E+02 -1.52227055E+02  2.80468208E+01  1.99744834E+01 -2.71757433E+01 -7.20125984E+00  2.50380383E+01  6.29616029E+02  2.60240167E-02
  5.09192629E+02 -6.57136223E+02 -1.47943595E+02  2.86137768E+01  1.92969665E+01 -2.68877656E+01 -7.59079912E+00  2.45218571E+01  6.05281190E+02  2.54875088E-02
  5.60505602E+02 -6.57213685E+02 -9.67080824E+01  8.17243447E+01  2.14159517E+01 -2.65953689E+01 -5.17941717E+00  2.47822816E+01  6.17357233E+02  2.57581885E-02
  4.41654095E+02 -6.50144903E+02 -2.08490807E+02 -3.39399954E+01  1.69770723E+01 -2.68973661E+01 -9.92029376E+00  2.42431683E+01  5.90794851E+02  2.51978454E-02
  5.41566012E+02 -6.59565230E+02 -1.17999217E+02  6.03954237E+01  2.06095014E+01 -2.67018864E+01 -6.09238500E+00  2.47770335E+01  6.16959139E+02  2.57527337E-02
  4.26604737E+02 -6.45783177E+02 -2.19178440E+02 -4.53279601E+01  1.62436460E+01 -2.68377636E+01 -1.05941176E+01  2.41459000E+01  5.86436300E+02  2.50967467E-02
  4.98478937E+02 -6.38419522E+02 -1.39940585E+02  3.42118856E+01  1.92129315E+01 -2.64834729E+01 -7.27054143E+00  2.41878431E+01  5.88542549E+02  2.51403415E-02
  4.43437611E+02 -6.48617691E+02 -2.05180080E+02 -3.07388227E+01  1.65292466E+01 -2.68905189E+01 -1.03612723E+01  2.42279524E+01  5.91134048E+02  2.51820303E-02
  5.50664284E+02 -6.60052601E+02 -1.09388317E+02  6.86429972E+01  2.09544366E+01 -2.67936083E+01 -5.83917165E+00  2.47265714E+01  6.14260381E+02  2.57002845E-02
  5.12130571E+02 -6.79689645E+02 -1.67559074E+02  1.22245959E+01  1.95414335E+01 -2.72804143E+01 -7.73898083E+00  2.49699541E+01  6.26161422E+02  2.59532515E-02
  5.12298029E+02 -6.65486152E+02 -1.53188123E+02  2.47944719E+01  1.94763749E+01 -2.70011507E+01 -7.52477582E+00  2.47198049E+01  6.14290146E+02  2.56932515E-02
  5.62008763E+02 -6.69514634E+02 -1.07505871E+02  7.17516919E+01  2.14636377E+01 -2.69685606E+01 -5.50492296E+00  2.48968837E+01  6.22887581E+02  2.58773036E-02
  4.94685346E+02 -6.43350067E+02 -1.48664721E+02  2.49982042E+01  1.89743716E+01 -2.67597970E+01 -7.78542538E+00  2.41198507E+01  5.86128308E+02  2.50696717E-02
  4.63025105E+02 -6.60817174E+02 -1.97792069E+02 -2.13634859E+01  1.75761092E+01 -2.70540126E+01 -9.47790343E+00  2.45039698E+01  6.03718643E+02  2.54689171E-02
  4.93889967E+02 -6.48792407E+02 -1.54902440E+02  2.00420111E+01  1.92304741E+01 -2.67774471E+01 -7.54697308E+00  2.42978404E+01  5.92940000E+02  2.52546704E-02
  5.23816061E+02 -6.68674420E+02 -1.44858359E+02  3.38532203E+01  1.98538103E+01 -2.70254380E+01 -7.17162775E+00  2.48210526E+01  6.19209952E+02  2.57984863E-02
  5.28585061E+02 -6.55462543E+02 -1.26877482E+02  5.01785570E+01  2.02865774E+01 -2.67293201E+01 -6.44274270E+00  2.45911165E+01  6.08149951E+02  2.55594955E-02
  4.82249831E+02 -6.57781545E+02 -1.75531714E+02  1.10246447E+00  1.84308017E+01 -2.68914002E+01 -8.46059854E+00  2.45325248E+01  6.05021832E+02  2.54985964E-02
  5.21237289E+02 -6.81078009E+02 -1.59840720E+02  2.12323906E+01  1.95248357E+01 -2.71606933E+01 -7.63585757E+00  2.51490431E+01  6.35947990E+02  2.61393928E-02
  4.97568390E+02 -6.84932006E+02 -1.87363616E+02 -6.37555990E+00  1.86361337E+01 -2.73273859E+01 -8.69125224E+00  2.51372300E+01  6.34993380E+02  2.61271146E-02
  5.12073096E+02 -6.89548097E+02 -1.77475001E+02  4.09041869E+00  1.91079023E+01 -2.74233864E+01 -8.31548418E+00  2.52174194E+01  6.39045161E+02  2.62104617E-02
  4.99588523E+02 -7.30804776E+02 -2.31216254E+02 -4.40231577E+01  1.82822586E+01 -2.81747398E+01 -9.89248125E+00  2.59990411E+01  6.78365799E+02  2.70228631E-02
  4.53818447E+02 -6.44185556E+02 -1.90367108E+02 -1.56295884E+01  1.72773132E+01 -2.66392434E+01 -9.36193017E+00  2.42691000E+01  5.92437600E+02  2.52247982E-02
  4.26822154E+02 -6.38745135E+02 -2.11922981E+02 -3.97236869E+01  1.62858929E+01 -2.68042519E+01 -1.05183590E+01  2.39165686E+01  5.75603235E+02  2.48583845E-02
  5.26021118E+02 -6.39049060E+02 -1.13027941E+02  6.15993316E+01  2.03445522E+01 -2.64369197E+01 -6.09236748E+00  2.42537879E+01  5.91489545E+02  2.52088831E-02
  4.72451754E+02 -6.66445532E+02 -1.93993778E+02 -1.59700065E+01  1.79396004E+01 -2.70285400E+01 -9.08893957E+00  2.47255238E+01  6.14362571E+02  2.56991957E-02
  5.00329715E+02 -6.52010933E+02 -1.51681218E+02  2.41689958E+01  1.92974362E+01 -2.67763255E+01 -7.47888930E+00  2.44236408E+01  5.99472864E+02  2.53854247E-02
  5.17191295E+02 -6.76116023E+02 -1.58924728E+02  2.12533956E+01  1.93672716E+01 -2.71127589E+01 -7.74548727E+00  2.50247393E+01  6.29639716E+02  2.60101941E-02
  4.62318194E+02 -6.49193637E+02 -1.86875443E+02 -1.32415014E+01  1.78150725E+01 -2.70142394E+01 -9.19916689E+00  2.41158252E+01  5.84624078E+02  2.50654876E-02
  5.00964078E+02 -6.92665045E+02 -1.91700968E+02 -9.72031310E+00  1.86994640E+01 -2.74435657E+01 -8.74410167E+00  2.52750909E+01  6.42685000E+02  2.62704043E-02
  4.46125374E+02 -6.76587391E+02 -2.30462017E+02 -5.23402176E+01  1.70008910E+01 -2.74110613E+01 -1.04101703E+01  2.47391388E+01  6.14563349E+02  2.57133467E-02
  5.47415096E+02 -6.67175794E+02 -1.19760699E+02  5.95940054E+01  2.09225888E+01 -2.68541324E+01 -5.93154356E+00  2.49103756E+01  6.23470845E+02  2.58913268E-02
  4.84113420E+02 -6.78928842E+02 -1.94815421E+02 -1.61151222E+01  1.84380710E+01 -2.74328769E+01 -8.99480589E+00  2.48194860E+01  6.18677897E+02  2.57968580E-02
  4.72573934E+02 -6.44938738E+02 -1.72364804E+02  2.20092654E+00  1.83014718E+01 -2.66855002E+01 -8.38402846E+00  2.42452404E+01  5.90610433E+02  2.51999990E-02
  4.84995548E+02 -6.54040332E+02 -1.69044784E+02  6.37412844E+00  1.86096071E+01 -2.69281001E+01 -8.31849305E+00  2.43637379E+01  5.97144029E+02  2.53231629E-02
  4.82729143E+02 -6.48034376E+02 -1.65305233E+02  9.59822030E+00  1.84823791E+01 -2.67700656E+01 -8.28768657E+00  2.42921463E+01  5.93318390E+02  2.52487521E-02
  5.13854745E+02 -6.59245175E+02 -1.45390430E+02  3.25591980E+01  1.96153981E+01 -2.67580826E+01 -7.14268450E+00  2.47152261E+01  6.13824774E+02  2.56884925E-02
  4.41395629E+02 -6.37569089E+02 -1.96173461E+02 -2.36223452E+01  1.66689697E+01 -2.67199315E+01 -1.00509618E+01  2.39654327E+01  5.78514760E+02  2.49091727E-02
  4.94022642E+02 -6.62355928E+02 -1.68333286E+02  9.09395837E+00  1.89535399E+01 -2.69517539E+01 -7.99821399E+00  2.46426728E+01  6.10079539E+02  2.56130821E-02
  5.47337100E+02 -6.90785213E+02 -1.43448113E+02  3.96796617E+01  2.05917808E+01 -2.72242037E+01 -6.63242285E+00  2.54344131E+01  6.49326901E+02  2.64360005E-02
  5.48816962E+02 -6.85089438E+02 -1.36272476E+02  4.55421280E+01  2.07074245E+01 -2.71998174E+01 -6.49239285E+00  2.52520283E+01  6.40707311E+02  2.62464335E-02
  5.58069942E+02 -6.75525605E+02 -1.17455663E+02  6.37987446E+01  2.10649790E+01 -2.68971914E+01 -5.83221236E+00  2.51742233E+01  6.37011796E+02  2.61655646E-02
  4.38224603E+02 -6.42946576E+02 -2.04721973E+02 -3.17735161E+01  1.68739405E+01 -2.68524704E+01 -9.97852986E+00  2.40206190E+01  5.80359190E+02  2.49665323E-02
  4.72954516E+02 -6.41936339E+02 -1.68981823E+02  5.16570631E+00  1.81419296E+01 -2.66356395E+01 -8.49370992E+00  2.41871569E+01  5.88485098E+02  2.51396282E-02
  5.07667019E+02 -6.42984607E+02 -1.35317589E+02  3.88602938E+01  1.96050209E+01 -2.66712232E+01 -7.06620234E+00  2.41913725E+01  5.88927941E+02  2.51440099E-02
  4.24824808E+02 -6.56532147E+02 -2.31707339E+02 -5.70567193E+01  1.60535075E+01 -2.71544639E+01 -1.11009564E+01  2.42570306E+01  5.92068035E+02  2.52122535E-02
  4.74700881E+02 -6.57099723E+02 -1.82398842E+02 -5.95973852E+00  1.82167244E+01 -2.68900007E+01 -8.67327631E+00  2.45054310E+01  6.03691207E+02  2.54704358E-02
  4.62939285E+02 -6.56883729E+02 -1.93944444E+02 -1.77750989E+01  1.76314869E+01 -2.69321979E+01 -9.30071107E+00  2.44679646E+01  6.01818407E+02  2.54314940E-02
  4.63400653E+02 -6.32660829E+02 -1.69260176E+02  2.08997821E+00  1.78790084E+01 -2.66864043E+01 -8.80739589E+00  2.37986325E+01  5.70063248E+02  2.47358041E-02
  5.23893248E+02 -6.47808306E+02 -1.23915058E+02  5.23832026E+01  2.01559327E+01 -2.65380077E+01 -6.38207500E+00  2.44858696E+01  6.02659870E+02  2.54501040E-02
  4.91460831E+02 -6.49822101E+02 -1.58361270E+02  1.72995713E+01  1.87534969E+01 -2.67234621E+01 -7.96996515E+00  2.43973391E+01  5.99069013E+02  2.53580872E-02
  4.77100180E+02 -6.26133379E+02 -1.49033199E+02  2.21612327E+01  1.85370305E+01 -2.64290712E+01 -7.89204071E+00  2.37770044E+01  5.68885022E+02  2.47133243E-02
  4.86268403E+02 -6.30438127E+02 -1.44169724E+02  2.75642316E+01  1.87642072E+01 -2.65446513E+01 -7.78044407E+00  2.38519383E+01  5.72450352E+02  2.47912091E-02
  4.57494763E+02 -6.35461284E+02 -1.77966521E+02 -5.97792961E+00  1.76918092E+01 -2.66978151E+01 -9.00600591E+00  2.38873043E+01  5.74200435E+02  2.48279678E-02
  4.66176004E+02 -6.85547810E+02 -2.19371806E+02 -3.86912996E+01  1.74771353E+01 -2.73956685E+01 -9.91853311E+00  2.50945148E+01  6.32781772E+02  2.60827172E-02
  4.82145849E+02 -6.62504322E+02 -1.80358473E+02 -3.19930993E+00  1.83735482E+01 -2.70020637E+01 -8.62851549E+00  2.46054393E+01  6.08528703E+02  2.55743823E-02
  5.12423275E+02 -6.58579594E+02 -1.46156319E+02  3.13243017E+01  1.95020251E+01 -2.67987768E+01 -7.29675165E+00  2.46500862E+01  6.11024138E+02  2.56207874E-02
  5.01593013E+02 -6.48509434E+02 -1.46916421E+02  2.79970857E+01  1.94489980E+01 -2.67810215E+01 -7.33202348E+00  2.42935426E+01  5.92881345E+02  2.52502034E-02
  4.61359272E+02 -6.61006024E+02 -1.99646752E+02 -2.33674851E+01  1.74634565E+01 -2.70921787E+01 -9.62872213E+00  2.44832314E+01  6.02799476E+02  2.54473620E-02
  4.54788020E+02 -6.39190713E+02 -1.84402693E+02 -1.08003609E+01  1.73729807E+01 -2.66043374E+01 -9.23135670E+00  2.41114350E+01  5.84924619E+02  2.50609245E-02
  4.87943665E+02 -6.60932387E+02 -1.72988722E+02  3.94445021E+00  1.85202963E+01 -2.69861782E+01 -8.46588185E+00  2.45740517E+01  6.07428276E+02  2.55417587E-02
  4.91034417E+02 -6.62858396E+02 -1.71823978E+02  5.03263694E+00  1.85733163E+01 -2.70667188E+01 -8.49340243E+00  2.45634188E+01  6.07464957E+02  2.55307071E-02
  4.65264485E+02 -6.42908002E+02 -1.77643517E+02 -4.18868961E+00  1.78807636E+01 -2.67722813E+01 -8.89151772E+00  2.40909483E+01  5.83924138E+02  2.50396310E-02
  4.80570263E+02 -6.52743415E+02 -1.72173152E+02  3.20684826E+00  1.84843266E+01 -2.68740518E+01 -8.38972514E+00  2.43583333E+01  5.96885333E+02  2.53175455E-02
  5.36052743E+02 -6.61697359E+02 -1.25644616E+02  5.22233664E+01  2.04874875E+01 -2.68522021E+01 -6.36471463E+00  2.47038865E+01  6.13725022E+02  2.56767063E-02
  5.31536734E+02 -6.50601929E+02 -1.19065195E+02  5.80649999E+01  2.02851173E+01 -2.65358726E+01 -6.25075529E+00  2.46014159E+01  6.08240796E+02  2.55702005E-02
  5.06916308E+02 -6.40569111E+02 -1.33652802E+02  4.03613649E+01  1.93406080E+01 -2.66179920E+01 -7.27738395E+00  2.41686344E+01  5.88132423E+02  2.51203763E-02
  5.17312979E+02 -6.85450449E+02 -1.68137470E+02  1.33010610E+01  1.94012260E+01 -2.72764694E+01 -7.87524340E+00  2.51997959E+01  6.37928367E+02  2.61921442E-02
  5.01632701E+02 -6.47985257E+02 -1.46352556E+02  2.86756039E+01  1.93999906E+01 -2.67366613E+01 -7.33667068E+00  2.43094667E+01  5.94036489E+02  2.52667545E-02
  4.79980264E+02 -6.79623036E+02 -1.99642772E+02 -1.89390105E+01  1.81098843E+01 -2.71516150E+01 -9.04173070E+00  2.50977447E+01  6.32389149E+02  2.60860743E-02
  5.24699572E+02 -6.71493874E+02 -1.46794302E+02  3.29793693E+01  1.98482464E+01 -2.69715329E+01 -7.12328651E+00  2.49685654E+01  6.26353882E+02  2.59518080E-02
  4.71343470E+02 -6.37725570E+02 -1.66382101E+02  6.80244495E+00  1.79814422E+01 -2.66242816E+01 -8.64283937E+00  2.40534091E+01  5.82270500E+02  2.50006136E-02
  4.38171647E+02 -6.39883491E+02 -2.01711844E+02 -2.95254372E+01  1.69234484E+01 -2.68525797E+01 -9.92913132E+00  2.39147788E+01  5.75251239E+02  2.48565241E-02
  5.28790561E+02 -6.56944439E+02 -1.28153877E+02  4.90643044E+01  2.02087023E+01 -2.67773225E+01 -6.56862018E+00  2.46136364E+01  6.09079437E+02  2.55829022E-02
  5.31708883E+02 -6.71834168E+02 -1.40125284E+02  3.97692645E+01  2.01398166E+01 -2.69680426E+01 -6.82822602E+00  2.49853540E+01  6.27201460E+02  2.59692577E-02
  5.86312807E+02 -7.05805134E+02 -1.19492327E+02  6.66795004E+01  2.16605405E+01 -2.73631376E+01 -5.70259703E+00  2.58571983E+01  6.71844784E+02  2.68754346E-02
  4.68222931E+02 -6.54077349E+02 -1.85854418E+02 -1.05261103E+01  1.78334589E+01 -2.69449905E+01 -9.11153167E+00  2.43511538E+01  5.96397735E+02  2.53100833E-02
  5.05782769E+02 -6.62588896E+02 -1.56806127E+02  2.09238114E+01  1.92768572E+01 -2.69250358E+01 -7.64817865E+00  2.46847137E+01  6.12441894E+02  2.56567784E-02
  4.47492667E+02 -6.69989806E+02 -2.22497139E+02 -4.47347495E+01  1.69257000E+01 -2.72222213E+01 -1.02965213E+01  2.46892208E+01  6.12401861E+02  2.56614630E-02
  5.16797823E+02 -6.62086920E+02 -1.45289097E+02  3.25122308E+01  1.96942899E+01 -2.68898444E+01 -7.19555448E+00  2.46946288E+01  6.13378734E+02  2.56670840E-02
  4.84030554E+02 -6.46430518E+02 -1.62399963E+02  1.13577607E+01  1.86522643E+01 -2.68797767E+01 -8.22751243E+00  2.41330172E+01  5.85754655E+02  2.50833566E-02
  5.26432039E+02 -6.51288327E+02 -1.24856288E+02  5.07982446E+01  2.02772479E+01 -2.67755854E+01 -6.49833748E+00  2.43964629E+01  5.98733144E+02  2.53571766E-02
  4.38578297E+02 -6.48073584E+02 -2.09495286E+02 -3.63913212E+01  1.69736824E+01 -2.70396382E+01 -1.00659558E+01  2.40422174E+01  5.81319609E+02  2.49889812E-02
  5.00792038E+02 -6.81935463E+02 -1.81143425E+02  7.80925271E-02  1.88234131E+01 -2.71711509E+01 -8.34773779E+00  2.51696552E+01  6.36053879E+02  2.61608166E-02
  5.07609729E+02 -6.65321867E+02 -1.57712138E+02  2.04532179E+01  1.92813960E+01 -2.69714736E+01 -7.69007761E+00  2.47451883E+01  6.15486276E+02  2.57196345E-02
  5.25283926E+02 -6.71279171E+02 -1.45995245E+02  3.35493546E+01  1.99722701E+01 -2.70008619E+01 -7.02859181E+00  2.49367500E+01  6.24638500E+02  2.59187398E-02
  4.73117824E+02 -6.34733072E+02 -1.61615248E+02  1.17167341E+01  1.81099898E+01 -2.64620848E+01 -8.35209499E+00  2.40738865E+01  5.83357205E+02  2.50218973E-02
  5.23292263E+02 -6.41611844E+02 -1.18319582E+02  5.66444880E+01  2.01405780E+01 -2.64965284E+01 -6.35595046E+00  2.43005652E+01  5.94087957E+02  2.52575025E-02
  4.49880131E+02 -6.52661932E+02 -2.02781801E+02 -2.81873160E+01  1.72110406E+01 -2.70009285E+01 -9.78988797E+00  2.42492340E+01  5.91692128E+02  2.52041500E-02
  5.64410236E+02 -6.88997186E+02 -1.24586951E+02  5.84819726E+01  2.11615439E+01 -2.71690121E+01 -6.00746824E+00  2.54262393E+01  6.49254872E+02  2.64275048E-02
  4.50446590E+02 -6.54607078E+02 -2.04160489E+02 -2.92227599E+01  1.73329537E+01 -2.70216481E+01 -9.68869439E+00  2.42969068E+01  5.93300636E+02  2.52537000E-02
  4.57389044E+02 -6.68327145E+02 -2.10938101E+02 -3.32788543E+01  1.73975022E+01 -2.71662116E+01 -9.76870935E+00  2.46748954E+01  6.11703598E+02  2.56465735E-02
  7.23059755E+02 -6.22698402E+02  1.00361353E+02  2.77044019E+02  2.82615892E+01 -2.54617654E+01  2.79982373E+00  2.45392593E+01  6.05007407E+02  2.55055962E-02
  5.08153467E+02 -6.75447376E+02 -1.67293909E+02  1.32522982E+01  1.91789907E+01 -2.70109331E+01 -7.83194234E+00  2.50758621E+01  6.31606897E+02  2.60633300E-02
  6.28547651E+02 -6.72644567E+02 -4.40969163E+01  1.40511084E+02  2.37060922E+01 -2.62768190E+01 -2.57072679E+00  2.56400000E+01  6.60128276E+02  2.66496832E-02
  7.18952953E+02 -6.70070493E+02  4.88824592E+01  2.33188059E+02  2.68012275E+01 -2.62672341E+01  5.33993428E-01  2.55980000E+01  6.58414000E+02  2.66060293E-02
  4.40042463E+02 -6.79134896E+02 -2.39092434E+02 -6.02135767E+01  1.65933555E+01 -2.74182102E+01 -1.08248547E+01  2.48442857E+01  6.19535000E+02  2.58226343E-02
  4.20006520E+02 -6.32849146E+02 -2.12842627E+02 -4.34052932E+01  1.62124316E+01 -2.70194732E+01 -1.08070416E+01  2.35329630E+01  5.57120370E+02  2.44596727E-02
  4.41756042E+02 -6.40331569E+02 -1.98575527E+02 -2.48059274E+01  1.69781035E+01 -2.66342193E+01 -9.65611578E+00  2.41346667E+01  5.85382000E+02  2.50850710E-02
  5.42211063E+02 -6.42127055E+02 -9.99159916E+01  7.46384084E+01  2.10785841E+01 -2.65797786E+01 -5.50119448E+00  2.42436667E+01  5.90463667E+02  2.51983633E-02
