# PIMCID: a48c7b1e-9699-4db5-b21f-f7eaecb6ffec
#    Number Bins
             298
             294
             288
             339
             295
             281
             294
             293
             295
             297
             294
             303
             291
             290
             288
             282
             288
             279
             282
             301
             300
             287
             302
             283
             299
             285
             295
             291
             295
             309
             302
             295
             287
             282
             287
             286
             284
             288
             279
             288
             300
             290
             294
             288
             291
             294
             295
             292
             296
             299
             305
             301
             286
             305
             294
             303
             283
             296
             298
             287
             294
             306
             302
             294
             297
             294
             307
             301
             301
             301
             302
             295
             305
             308
             298
             287
             290
             316
             292
             304
             299
             288
             288
             296
             284
             291
             306
             281
             294
             293
             300
             290
             298
             297
             298
             312
             306
             299
             307
             312
             313
             315
             309
             303
             314
             300
             306
             315
             315
             327
             308
             323
             301
             299
             320
             314
             309
             303
             314
             319
             326
             329
             300
             306
             297
             315
             309
             316
             309
             330
             313
             319
             321
             312
             309
             308
             298
             312
             326
             319
             318
             309
             315
             306
             306
             343
             348
             339
             351
             345
             349
             341
             341
             345
             355
             359
             348
             335
             344
             335
             348
             351
             348
             360
             343
             339
             340
             367
             338
             353
             356
             330
             339
             346
             339
             348
             351
             340
             346
             343
             348
             344
             345
             348
             358
             360
             344
             345
             352
             351
             354
             359
              41
              44
              43
              45
              42
              40
              45
              45
