# PIMCID: a48c7b1e-9699-4db5-b21f-f7eaecb6ffec
#    Number Bins
             199
             196
             192
             226
             197
             187
             196
             195
             197
             198
             196
             202
             194
             193
             192
             188
             192
             186
             188
             201
             200
             191
             201
             189
             199
             190
             197
             194
             197
             206
             201
             197
             191
             188
             191
             191
             189
             192
             186
             192
             200
             193
             196
             192
             194
             196
             197
             195
             197
             199
             203
             201
             191
             203
             196
             202
             189
             197
             199
             191
             196
             204
             201
             196
             198
             196
             205
             201
             201
             201
             201
             197
             203
             205
             199
             191
             193
             211
             195
             203
             199
             192
             192
             197
             189
             194
             204
             187
             196
             195
             200
             193
             199
             198
             199
             208
             204
             199
             205
             208
             209
             210
             206
             202
             209
             200
             204
             210
             210
             218
             205
             215
             201
             199
             213
             209
             206
             202
             209
             213
             217
             219
             200
             204
             198
             210
             206
             211
             206
             220
             209
             213
             214
             208
             206
             205
             199
             208
             217
             213
             212
             206
             210
             204
             204
             229
             232
             226
             234
             230
             233
             227
             227
             230
             237
             239
             232
             223
             229
             223
             232
             234
             232
             240
             229
             226
             227
             245
             225
             235
             237
             220
             226
             231
             226
             232
             234
             227
             231
             229
             232
             229
             230
             232
             239
             240
             229
             230
             235
             234
             236
             239
              27
              29
              29
              30
              28
              27
              30
              30
