#                   T = 2.00                    
#          r [Å]          V1d(r)         ΔV1d(r)
  0.00000000E+00 -4.36545908E+01  1.12955501E-01
  5.00000000E-01 -4.35505157E+01  1.13824189E-01
  1.00000000E+00 -4.34220897E+01  1.27306857E-01
  1.50000000E+00 -4.36218984E+01  1.15559249E-01
  2.00000000E+00 -4.37135048E+01  1.20037232E-01
  2.50000000E+00 -4.36178909E+01  1.23027315E-01
  3.00000000E+00 -4.36503136E+01  1.26159925E-01
  3.50000000E+00 -4.34835782E+01  1.13397759E-01
  4.00000000E+00 -4.33423869E+01  1.26343303E-01
  4.50000000E+00 -4.35289746E+01  1.31287495E-01
  5.00000000E+00 -4.36507961E+01  1.22290671E-01
  5.50000000E+00 -4.37118510E+01  1.37021421E-01
  6.00000000E+00 -4.37512610E+01  1.24083668E-01
  6.50000000E+00 -4.36262661E+01  1.14649578E-01
  7.00000000E+00 -4.34065880E+01  1.16594504E-01
  7.50000000E+00 -4.32422006E+01  1.27454177E-01
  8.00000000E+00 -4.34230325E+01  1.15936685E-01
  8.50000000E+00 -4.37255909E+01  1.13666315E-01
  9.00000000E+00 -4.38233025E+01  1.22001850E-01
  9.50000000E+00 -4.38716744E+01  1.18004190E-01
  1.00000000E+01 -4.37236393E+01  1.09702829E-01
  1.05000000E+01 -4.33323241E+01  1.12931157E-01
  1.10000000E+01 -4.31643072E+01  1.26549893E-01
  1.15000000E+01 -4.33065369E+01  1.06593747E-01
  1.20000000E+01 -4.34378462E+01  1.12441858E-01
  1.25000000E+01 -4.36722813E+01  1.19218162E-01
  1.30000000E+01 -4.38190112E+01  1.22816852E-01
  1.35000000E+01 -4.37803441E+01  1.13522495E-01
  1.40000000E+01 -4.36166502E+01  1.17225849E-01
  1.45000000E+01 -4.34111895E+01  1.20742192E-01
  1.50000000E+01 -4.33275672E+01  1.24425955E-01
  1.55000000E+01 -4.32902470E+01  1.19096218E-01
  1.60000000E+01 -4.35054276E+01  1.32358208E-01
  1.65000000E+01 -4.37279008E+01  1.19016339E-01
  1.70000000E+01 -4.38993777E+01  1.27663940E-01
  1.75000000E+01 -4.37005781E+01  1.38093694E-01
  1.80000000E+01 -4.35703350E+01  1.33657848E-01
  1.85000000E+01 -4.35130855E+01  1.08970143E-01
  1.90000000E+01 -4.34375448E+01  1.16232199E-01
  1.95000000E+01 -4.34618107E+01  1.23293708E-01
  2.00000000E+01 -4.35500474E+01  1.16897685E-01
  2.05000000E+01 -4.36808150E+01  1.10527039E-01
  2.10000000E+01 -4.36367826E+01  1.19536354E-01
  2.15000000E+01 -4.35063683E+01  1.34756999E-01
  2.20000000E+01 -4.34661283E+01  1.11321592E-01
  2.25000000E+01 -4.34834389E+01  1.18529374E-01
  2.30000000E+01 -4.36229599E+01  1.26054367E-01
  2.35000000E+01 -4.36964788E+01  1.42737073E-01
  2.40000000E+01 -4.36143684E+01  1.39255901E-01
  2.45000000E+01 -4.35977551E+01  1.40424844E-01
  2.50000000E+01 -4.35571972E+01  1.20992184E-01
  2.55000000E+01 -4.35523418E+01  1.08327060E-01
  2.60000000E+01 -4.35784910E+01  1.13275551E-01
  2.65000000E+01 -4.36238139E+01  1.18978203E-01
  2.70000000E+01 -4.36098199E+01  1.34311827E-01
  2.75000000E+01 -4.35953880E+01  1.37181120E-01
  2.80000000E+01 -4.36933201E+01  1.39184696E-01
  2.85000000E+01 -4.35385399E+01  1.34848381E-01
  2.90000000E+01 -4.35087478E+01  1.11175253E-01
  2.95000000E+01 -4.34792783E+01  1.26479186E-01
  3.00000000E+01 -4.35406783E+01  1.31628227E-01
  3.05000000E+01 -4.36727219E+01  1.16810254E-01
  3.10000000E+01 -4.35540350E+01  1.21472346E-01
  3.15000000E+01 -4.35779724E+01  1.21980504E-01
  3.20000000E+01 -4.35429395E+01  1.17609729E-01
  3.25000000E+01 -4.35502763E+01  1.20962254E-01
  3.30000000E+01 -4.36978423E+01  1.29444790E-01
  3.35000000E+01 -4.36433055E+01  1.26449405E-01
  3.40000000E+01 -4.37164220E+01  1.30563327E-01
  3.45000000E+01 -4.37625183E+01  1.33094248E-01
  3.50000000E+01 -4.36676086E+01  1.24766812E-01
  3.55000000E+01 -4.35324876E+01  1.30546864E-01
  3.60000000E+01 -4.35817908E+01  1.17138345E-01
  3.65000000E+01 -4.35695452E+01  1.25693647E-01
  3.70000000E+01 -4.36575840E+01  1.36340197E-01
  3.75000000E+01 -4.37237654E+01  1.54589379E-01
  3.80000000E+01 -4.37164595E+01  1.48668862E-01
  3.85000000E+01 -4.36493836E+01  1.21992550E-01
  3.90000000E+01 -4.35779635E+01  1.32103222E-01
  3.95000000E+01 -4.34739382E+01  1.46923176E-01
  4.00000000E+01 -4.36332280E+01  1.25098069E-01
  4.05000000E+01 -4.36615576E+01  1.25436806E-01
  4.10000000E+01 -4.36191043E+01  1.50458995E-01
  4.15000000E+01 -4.36395251E+01  1.54570117E-01
  4.20000000E+01 -4.35058825E+01  1.20828155E-01
  4.25000000E+01 -4.36453913E+01  1.20841459E-01
  4.30000000E+01 -4.36257778E+01  1.53039701E-01
  4.35000000E+01 -4.37171350E+01  1.34062598E-01
  4.40000000E+01 -4.38628294E+01  1.28235918E-01
  4.45000000E+01 -4.36245024E+01  1.51514600E-01
  4.50000000E+01 -4.35579713E+01  1.47684680E-01
  4.55000000E+01 -4.36228276E+01  1.25375504E-01
  4.60000000E+01 -4.36775865E+01  1.19199375E-01
  4.65000000E+01 -4.36337013E+01  1.34146507E-01
  4.70000000E+01 -4.37894081E+01  1.15721741E-01
  4.75000000E+01 -4.37684097E+01  1.32530709E-01
  4.80000000E+01 -4.35499251E+01  1.45044021E-01
  4.85000000E+01 -4.35211596E+01  1.50791043E-01
  4.90000000E+01 -4.35926960E+01  1.18572365E-01
  4.95000000E+01 -4.36083692E+01  1.29694888E-01
  5.00000000E+01 -4.37489319E+01  1.46342578E-01
  5.05000000E+01 -4.39024439E+01  1.35745079E-01
  5.10000000E+01 -4.38385709E+01  1.30078670E-01
  5.15000000E+01 -4.36870140E+01  1.22002255E-01
  5.20000000E+01 -4.34248997E+01  1.18137084E-01
  5.25000000E+01 -4.35565583E+01  1.07291971E-01
  5.30000000E+01 -4.36874185E+01  1.32065908E-01
  5.35000000E+01 -4.36833460E+01  1.43344732E-01
  5.40000000E+01 -4.37129207E+01  1.53319874E-01
  5.45000000E+01 -4.37933930E+01  1.33827741E-01
  5.50000000E+01 -4.37355355E+01  1.39807190E-01
  5.55000000E+01 -4.36723239E+01  1.15613581E-01
  5.60000000E+01 -4.34881184E+01  1.11228768E-01
  5.65000000E+01 -4.35521562E+01  1.25386715E-01
  5.70000000E+01 -4.35731764E+01  1.30439066E-01
  5.75000000E+01 -4.36555613E+01  1.33288914E-01
  5.80000000E+01 -4.36788890E+01  1.23236938E-01
  5.85000000E+01 -4.36180714E+01  1.30452548E-01
  5.90000000E+01 -4.35885887E+01  1.28656155E-01
  5.95000000E+01 -4.34977279E+01  1.19090604E-01
  6.00000000E+01 -4.34824005E+01  1.22268946E-01
  6.05000000E+01 -4.35916366E+01  1.33428376E-01
  6.10000000E+01 -4.36202912E+01  1.29932067E-01
  6.15000000E+01 -4.35481958E+01  1.26524008E-01
  6.20000000E+01 -4.35599198E+01  1.30237630E-01
  6.25000000E+01 -4.35016216E+01  1.33033204E-01
  6.30000000E+01 -4.35346784E+01  1.30087969E-01
  6.35000000E+01 -4.36107713E+01  1.31548785E-01
  6.40000000E+01 -4.37032450E+01  1.23503904E-01
  6.45000000E+01 -4.36759944E+01  1.21656261E-01
  6.50000000E+01 -4.35959838E+01  1.17313048E-01
  6.55000000E+01 -4.35585716E+01  1.06472157E-01
  6.60000000E+01 -4.34807965E+01  1.14300580E-01
  6.65000000E+01 -4.35170421E+01  1.32323877E-01
  6.70000000E+01 -4.35186643E+01  1.37624476E-01
  6.75000000E+01 -4.36876835E+01  1.38344939E-01
  6.80000000E+01 -4.37224449E+01  1.50862776E-01
  6.85000000E+01 -4.36748872E+01  1.36715462E-01
  6.90000000E+01 -4.34412804E+01  1.44524180E-01
  6.95000000E+01 -4.34058108E+01  1.33493436E-01
  7.00000000E+01 -4.33472264E+01  1.30720431E-01
  7.05000000E+01 -4.35438204E+01  1.31147769E-01
  7.10000000E+01 -4.36272375E+01  1.26688012E-01
  7.15000000E+01 -4.37196277E+01  1.47724839E-01
  7.20000000E+01 -4.37280885E+01  1.43495822E-01
  7.25000000E+01 -4.34807197E+01  1.38719509E-01
  7.30000000E+01 -4.34989185E+01  1.19063726E-01
  7.35000000E+01 -4.35665737E+01  1.24386119E-01
  7.40000000E+01 -4.35662449E+01  1.28333043E-01
  7.45000000E+01 -4.36422424E+01  1.19061676E-01
  7.50000000E+01 -4.36737507E+01  1.21593167E-01
  7.55000000E+01 -4.37055540E+01  1.28199455E-01
  7.60000000E+01 -4.35527051E+01  1.25523520E-01
  7.65000000E+01 -4.35498262E+01  1.09811123E-01
  7.70000000E+01 -4.34850226E+01  1.27671118E-01
  7.75000000E+01 -4.35689315E+01  1.33373040E-01
  7.80000000E+01 -4.36811140E+01  1.12983715E-01
  7.85000000E+01 -4.37537599E+01  1.19268813E-01
  7.90000000E+01 -4.36131611E+01  1.41099596E-01
  7.95000000E+01 -4.34857871E+01  1.52802177E-01
  8.00000000E+01 -4.35645794E+01  1.24243700E-01
  8.05000000E+01 -4.36106287E+01  1.28887488E-01
  8.10000000E+01 -4.37133331E+01  1.34693877E-01
  8.15000000E+01 -4.38037184E+01  1.12549914E-01
  8.20000000E+01 -4.37430177E+01  1.06905926E-01
  8.25000000E+01 -4.35734617E+01  1.27789334E-01
  8.30000000E+01 -4.34398413E+01  1.48997184E-01
  8.35000000E+01 -4.34987176E+01  1.17451440E-01
  8.40000000E+01 -4.36569096E+01  1.22599372E-01
  8.45000000E+01 -4.37444656E+01  1.19684982E-01
  8.50000000E+01 -4.38025360E+01  1.22650055E-01
  8.55000000E+01 -4.37475150E+01  1.22762917E-01
  8.60000000E+01 -4.35680123E+01  1.38676690E-01
  8.65000000E+01 -4.33162964E+01  1.56538241E-01
  8.70000000E+01 -4.33740157E+01  1.26904526E-01
  8.75000000E+01 -4.35700369E+01  1.27660148E-01
  8.80000000E+01 -4.37729578E+01  1.45916747E-01
  8.85000000E+01 -4.38735899E+01  1.32059041E-01
  8.90000000E+01 -4.37262340E+01  1.20325342E-01
  8.95000000E+01 -4.35571896E+01  1.20033354E-01
  9.00000000E+01 -4.33815991E+01  1.49335234E-01
  9.05000000E+01 -4.34738392E+01  1.27510729E-01
  9.10000000E+01 -4.36080084E+01  1.13268817E-01
  9.15000000E+01 -4.38183554E+01  1.34069025E-01
  9.20000000E+01 -4.38503893E+01  1.45041910E-01
  9.25000000E+01 -4.38235205E+01  1.26028686E-01
  9.30000000E+01 -4.37112322E+01  1.08803478E-01
  9.35000000E+01 -4.34297749E+01  1.36899549E-01
  9.40000000E+01 -4.33567480E+01  1.30207630E-01
  9.45000000E+01 -4.34634705E+01  1.15376946E-01
  9.50000000E+01 -4.35991131E+01  1.23040021E-01
  9.55000000E+01 -4.37450777E+01  1.47204447E-01
  9.60000000E+01 -4.37950951E+01  1.33021202E-01
  9.65000000E+01 -4.35398683E+01  1.29441165E-01
  9.70000000E+01 -4.36169844E+01  1.27763139E-01
  9.75000000E+01 -4.34955376E+01  1.46945368E-01
  9.80000000E+01 -4.34966958E+01  1.21868164E-01
  9.85000000E+01 -4.36631025E+01  1.20495585E-01
  9.90000000E+01 -4.36750970E+01  1.32561985E-01
  9.95000000E+01 -4.36864757E+01  1.25265689E-01
