# PIMCID: 1e8b4baa-a2a6-46f4-b0b8-955cec5b317f
#              K               V               E            E_mu             K/N             V/N             E/N               N             N^2         density
  5.11992119E+02 -6.62803784E+02 -1.50811664E+02  2.64492950E+01  1.93551983E+01 -2.70135056E+01 -7.65830733E+00  2.46195777E+01  6.09899307E+02  2.55890775E-02
  5.13467809E+02 -6.85996357E+02 -1.72528548E+02  8.53605886E+00  1.91738315E+01 -2.73654253E+01 -8.19159385E+00  2.51478621E+01  6.35585655E+02  2.61381653E-02
  4.80885758E+02 -6.44689567E+02 -1.63803810E+02  9.26771146E+00  1.84991924E+01 -2.69186817E+01 -8.41948927E+00  2.40377113E+01  5.81626725E+02  2.49842976E-02
  4.80401067E+02 -6.76790441E+02 -1.96389374E+02 -1.88287706E+01  1.81225082E+01 -2.75137839E+01 -9.39127572E+00  2.46611950E+01  6.12475786E+02  2.56323336E-02
  4.64866921E+02 -6.83016127E+02 -2.18149206E+02 -3.89543527E+01  1.73579196E+01 -2.75298139E+01 -1.01718943E+01  2.48881741E+01  6.22604078E+02  2.58682509E-02
  4.97727465E+02 -6.50139019E+02 -1.52411554E+02  2.27756140E+01  1.89018537E+01 -2.68146229E+01 -7.91276921E+00  2.43315511E+01  5.96023960E+02  2.52897086E-02
  4.72294626E+02 -6.46631991E+02 -1.74337365E+02 -1.24638144E+00  1.79356664E+01 -2.70151884E+01 -9.07952194E+00  2.40404144E+01  5.82016811E+02  2.49871072E-02
  4.67081524E+02 -6.41437940E+02 -1.74356416E+02 -1.19149143E+00  1.77774645E+01 -2.67820896E+01 -9.00462510E+00  2.40506839E+01  5.82001294E+02  2.49977811E-02
  5.18354155E+02 -6.81847075E+02 -1.63492920E+02  1.57137147E+01  1.94675767E+01 -2.74702377E+01 -8.00266098E+00  2.48898103E+01  6.23531914E+02  2.58699517E-02
  4.89586279E+02 -6.80392061E+02 -1.90805782E+02 -1.17236231E+01  1.83863065E+01 -2.74397350E+01 -9.05342847E+00  2.48725220E+01  6.22160776E+02  2.58519826E-02
  5.06950020E+02 -6.92289573E+02 -1.85339553E+02 -3.56470398E+00  1.88104254E+01 -2.75036622E+01 -8.69323682E+00  2.52465068E+01  6.40903733E+02  2.62406946E-02
  4.72330455E+02 -6.40208547E+02 -1.67878092E+02  5.29845179E+00  1.79413965E+01 -2.67250763E+01 -8.78367978E+00  2.40522978E+01  5.82555754E+02  2.49994585E-02
  4.82867458E+02 -6.52592472E+02 -1.69725013E+02  5.20878122E+00  1.83598103E+01 -2.69611673E+01 -8.60135692E+00  2.42963604E+01  5.93955171E+02  2.52531321E-02
  5.25486461E+02 -6.49749011E+02 -1.24262550E+02  5.01473095E+01  2.02268666E+01 -2.69203117E+01 -6.69344504E+00  2.42235915E+01  5.90350810E+02  2.51774977E-02
  4.58327744E+02 -6.42519628E+02 -1.84191885E+02 -1.15474932E+01  1.74424265E+01 -2.69034344E+01 -9.46100789E+00  2.39783877E+01  5.78961975E+02  2.49226379E-02
  4.83522641E+02 -6.54551771E+02 -1.71029129E+02  4.30207654E+00  1.83527877E+01 -2.69772703E+01 -8.62448263E+00  2.43515564E+01  5.96903041E+02  2.53105017E-02
  4.79449002E+02 -6.65981175E+02 -1.86532173E+02 -1.02349417E+01  1.80923133E+01 -2.72971887E+01 -9.20487539E+00  2.44857265E+01  6.03236393E+02  2.54499553E-02
  4.89314059E+02 -6.46123720E+02 -1.56809661E+02  1.63606063E+01  1.86897832E+01 -2.69721868E+01 -8.28240359E+00  2.40514261E+01  5.82477835E+02  2.49985525E-02
  5.00576265E+02 -6.55686841E+02 -1.55110576E+02  2.02617879E+01  1.90482029E+01 -2.70230229E+01 -7.97482005E+00  2.43572727E+01  5.96602406E+02  2.53164431E-02
  4.66278067E+02 -6.58383694E+02 -1.92105627E+02 -1.72497268E+01  1.76857527E+01 -2.72148839E+01 -9.52913124E+00  2.42855417E+01  5.93361243E+02  2.52418874E-02
  5.17980713E+02 -6.70127428E+02 -1.52146715E+02  2.57346757E+01  1.96764813E+01 -2.72110908E+01 -7.53460951E+00  2.47057487E+01  6.13581652E+02  2.56786418E-02
  4.83267354E+02 -6.63022882E+02 -1.79755528E+02 -3.24523780E+00  1.83573200E+01 -2.71266547E+01 -8.76933475E+00  2.45153180E+01  6.04509594E+02  2.54807121E-02
  4.95852160E+02 -6.40310357E+02 -1.44458197E+02  2.90631004E+01  1.89301451E+01 -2.66708476E+01 -7.74070250E+00  2.41001802E+01  5.84789802E+02  2.50492265E-02
  4.81804176E+02 -6.39768519E+02 -1.57964343E+02  1.49925375E+01  1.84138801E+01 -2.67444956E+01 -8.33061550E+00  2.40217889E+01  5.80642290E+02  2.49677482E-02
  4.74695116E+02 -6.45764193E+02 -1.71069077E+02  2.37715777E+00  1.81683690E+01 -2.69059204E+01 -8.73755143E+00  2.40897548E+01  5.84075499E+02  2.50383906E-02
  4.81690040E+02 -6.49271795E+02 -1.67581755E+02  6.53114793E+00  1.83896530E+01 -2.69543467E+01 -8.56469369E+00  2.41823477E+01  5.88382384E+02  2.51346297E-02
  4.81165823E+02 -6.51498537E+02 -1.70332714E+02  4.22302645E+00  1.83268221E+01 -2.69721917E+01 -8.64536963E+00  2.42438529E+01  5.91537303E+02  2.51985569E-02
  4.88760113E+02 -6.39118718E+02 -1.50358605E+02  2.24116724E+01  1.87579730E+01 -2.67426371E+01 -7.98466413E+00  2.39958719E+01  5.79472847E+02  2.49408106E-02
  4.96086392E+02 -6.76000052E+02 -1.79913660E+02 -9.97022877E-01  1.86021941E+01 -2.72899735E+01 -8.68777933E+00  2.48495329E+01  6.21062093E+02  2.58280881E-02
  4.73571955E+02 -6.42379662E+02 -1.68807707E+02  4.14681129E+00  1.82232750E+01 -2.68424254E+01 -8.61915044E+00  2.40214609E+01  5.80426887E+02  2.49674073E-02
  5.13320707E+02 -6.60722035E+02 -1.47401328E+02  2.94430111E+01  1.94326619E+01 -2.69966566E+01 -7.56399469E+00  2.45617138E+01  6.06875636E+02  2.55289349E-02
  4.19312245E+02 -6.35950219E+02 -2.16637974E+02 -4.61771182E+01  1.57126766E+01 -2.69944960E+01 -1.12818194E+01  2.36751188E+01  5.65244808E+02  2.46074265E-02
  4.71946526E+02 -6.43380724E+02 -1.71434198E+02  1.45570568E+00  1.80004739E+01 -2.68991455E+01 -8.89867157E+00  2.40124866E+01  5.80568336E+02  2.49580796E-02
  4.91211737E+02 -6.88496022E+02 -1.97284285E+02 -1.71904258E+01  1.83530845E+01 -2.76135823E+01 -9.26049775E+00  2.50130360E+01  6.28965935E+02  2.59980299E-02
  4.88247489E+02 -6.37581801E+02 -1.49334311E+02  2.29756853E+01  1.87466947E+01 -2.67537079E+01 -8.00701328E+00  2.39319440E+01  5.76663363E+02  2.48743652E-02
  5.16996605E+02 -6.68275615E+02 -1.51279009E+02  2.67194899E+01  1.94118944E+01 -2.71226724E+01 -7.71077804E+00  2.47220138E+01  6.15406351E+02  2.56955474E-02
  4.75168542E+02 -6.35571902E+02 -1.60403360E+02  1.15782706E+01  1.81584086E+01 -2.67241455E+01 -8.56573689E+00  2.38863375E+01  5.74473375E+02  2.48269629E-02
  4.63364275E+02 -6.42702552E+02 -1.79338277E+02 -6.03764977E+00  1.77231670E+01 -2.68035189E+01 -9.08035196E+00  2.40695315E+01  5.82945027E+02  2.50173709E-02
  5.02697729E+02 -6.51593907E+02 -1.48896178E+02  2.60056882E+01  1.91208511E+01 -2.69220397E+01 -7.80118865E+00  2.42919258E+01  5.94209452E+02  2.52485229E-02
  4.52188339E+02 -6.35093651E+02 -1.82905312E+02 -1.12027356E+01  1.72686784E+01 -2.67454310E+01 -9.47675260E+00  2.38475801E+01  5.72370747E+02  2.47866792E-02
  4.85652191E+02 -6.46613091E+02 -1.60960900E+02  1.29039746E+01  1.85133594E+01 -2.68789749E+01 -8.36561549E+00  2.41478993E+01  5.86942170E+02  2.50988247E-02
  4.65961242E+02 -6.45252737E+02 -1.79291494E+02 -5.74167489E+00  1.76277850E+01 -2.68854888E+01 -9.25770378E+00  2.41041416E+01  5.84781664E+02  2.50533439E-02
  4.37660714E+02 -6.45592731E+02 -2.07932016E+02 -3.52874185E+01  1.65751397E+01 -2.70411288E+01 -1.04659891E+01  2.39784164E+01  5.78692082E+02  2.49226677E-02
  4.59790378E+02 -6.47788757E+02 -1.87998379E+02 -1.43151445E+01  1.76100314E+01 -2.69501992E+01 -9.34016781E+00  2.41226715E+01  5.85558014E+02  2.50726035E-02
  4.98619177E+02 -6.53520904E+02 -1.54901727E+02  2.06649828E+01  1.89226852E+01 -2.69061166E+01 -7.98343143E+00  2.43842652E+01  5.98185627E+02  2.53444986E-02
  4.90989792E+02 -6.44922866E+02 -1.53933074E+02  1.88795382E+01  1.88431875E+01 -2.69812103E+01 -8.13802281E+00  2.40017517E+01  5.79813248E+02  2.49469220E-02
  5.04494396E+02 -6.35218678E+02 -1.30724281E+02  4.19303046E+01  1.94099506E+01 -2.65995182E+01 -7.18956757E+00  2.39798036E+01  5.79008946E+02  2.49241095E-02
  4.37855725E+02 -6.54438596E+02 -2.16582871E+02 -4.21907123E+01  1.64024676E+01 -2.71280177E+01 -1.07255501E+01  2.42211331E+01  5.90609586E+02  2.51749424E-02
  4.54544872E+02 -6.37535205E+02 -1.82990333E+02 -1.11048331E+01  1.73748905E+01 -2.68215225E+01 -9.44663196E+00  2.38729861E+01  5.73517500E+02  2.48130857E-02
  4.56267942E+02 -6.46276378E+02 -1.90008437E+02 -1.64211350E+01  1.74224999E+01 -2.69140121E+01 -9.49151216E+00  2.41093474E+01  5.84573686E+02  2.50587547E-02
  4.85781664E+02 -6.69031253E+02 -1.83249589E+02 -5.77095235E+00  1.82736910E+01 -2.72337439E+01 -8.96005286E+00  2.46498107E+01  6.11355318E+02  2.56205010E-02
  4.87597288E+02 -6.38879597E+02 -1.51282309E+02  2.13517495E+01  1.87052787E+01 -2.67570571E+01 -8.05177833E+00  2.39769526E+01  5.78665274E+02  2.49211463E-02
  4.31635267E+02 -6.47118435E+02 -2.15483169E+02 -4.26221279E+01  1.64739157E+01 -2.70535449E+01 -1.05796292E+01  2.40084779E+01  5.79916018E+02  2.49539130E-02
  4.77171597E+02 -6.41605498E+02 -1.64433901E+02  8.67618267E+00  1.81510600E+01 -2.67965047E+01 -8.64544467E+00  2.40430672E+01  5.82118022E+02  2.49898644E-02
  4.54987343E+02 -6.49957029E+02 -1.94969686E+02 -2.11982533E+01  1.72559709E+01 -2.70380720E+01 -9.78210105E+00  2.41349212E+01  5.86362032E+02  2.50853356E-02
  4.82310388E+02 -6.41896360E+02 -1.59585972E+02  1.34784546E+01  1.84957093E+01 -2.68171071E+01 -8.32139784E+00  2.40367260E+01  5.81195125E+02  2.49832735E-02
  5.18668694E+02 -6.54977088E+02 -1.36308394E+02  3.92382314E+01  1.98867065E+01 -2.69529536E+01 -7.06624712E+00  2.43814757E+01  5.97824531E+02  2.53415992E-02
  4.54018715E+02 -6.61865870E+02 -2.07847155E+02 -3.26074577E+01  1.71428058E+01 -2.72953188E+01 -1.01525131E+01  2.43388468E+01  5.96053614E+02  2.52972916E-02
  4.58694680E+02 -6.29661004E+02 -1.70966324E+02  3.18233665E-02  1.74391969E+01 -2.66356275E+01 -9.19643067E+00  2.37497426E+01  5.68090294E+02  2.46849890E-02
  4.85978109E+02 -6.46832213E+02 -1.60854105E+02  1.26282704E+01  1.87740207E+01 -2.69403436E+01 -8.16632287E+00  2.40947743E+01  5.83657205E+02  2.50436077E-02
  4.98718017E+02 -7.06516119E+02 -2.07798103E+02 -2.50163699E+01  1.85870517E+01 -2.78969091E+01 -9.30985741E+00  2.53863518E+01  6.47397980E+02  2.63860465E-02
  4.49566256E+02 -6.42421754E+02 -1.92855498E+02 -2.04476266E+01  1.71052279E+01 -2.69461036E+01 -9.84087570E+00  2.39455376E+01  5.77008692E+02  2.48884942E-02
  4.30929421E+02 -6.48453658E+02 -2.17524237E+02 -4.40097149E+01  1.63303391E+01 -2.70136978E+01 -1.06833587E+01  2.40992391E+01  5.84357101E+02  2.50482484E-02
  4.91528636E+02 -6.63452414E+02 -1.71923778E+02  4.93230422E+00  1.86199586E+01 -2.70992987E+01 -8.47934018E+00  2.45633448E+01  6.06920566E+02  2.55306301E-02
  4.62707215E+02 -6.45227647E+02 -1.82520432E+02 -9.06918307E+00  1.75828850E+01 -2.68896413E+01 -9.30675624E+00  2.40904513E+01  5.84205722E+02  2.50391144E-02
  4.96368929E+02 -6.70474649E+02 -1.74105720E+02  3.89111920E+00  1.87252919E+01 -2.72127638E+01 -8.48747194E+00  2.47217832E+01  6.14550944E+02  2.56953078E-02
  5.06322053E+02 -6.39622527E+02 -1.33300474E+02  3.97000708E+01  1.94282798E+01 -2.67308159E+01 -7.30253604E+00  2.40278534E+01  5.81281187E+02  2.49740515E-02
  4.58763025E+02 -6.47059377E+02 -1.88296352E+02 -1.46210034E+01  1.74463332E+01 -2.69287847E+01 -9.48245153E+00  2.41215762E+01  5.85671384E+02  2.50714650E-02
  4.98708357E+02 -6.40672012E+02 -1.41963654E+02  3.13643456E+01  1.89322932E+01 -2.67283329E+01 -7.79603973E+00  2.40733333E+01  5.83767459E+02  2.50213224E-02
  5.11548792E+02 -6.44916726E+02 -1.33367934E+02  4.09094430E+01  1.95616674E+01 -2.67516270E+01 -7.18995951E+00  2.42051913E+01  5.89661439E+02  2.51583728E-02
  5.28615862E+02 -6.77654840E+02 -1.49038978E+02  2.96989555E+01  2.01422382E+01 -2.73695173E+01 -7.22727916E+00  2.48247130E+01  6.19408922E+02  2.58022909E-02
  4.64477712E+02 -6.42493699E+02 -1.78015987E+02 -5.48388823E+00  1.77131783E+01 -2.69213108E+01 -9.20813255E+00  2.39627915E+01  5.78031590E+02  2.49064276E-02
  4.99932253E+02 -6.76919208E+02 -1.76986955E+02  1.90026143E+00  1.87504377E+01 -2.73272351E+01 -8.57679744E+00  2.48454467E+01  6.21173351E+02  2.58238411E-02
  4.85933346E+02 -6.74886797E+02 -1.88953450E+02 -1.10254367E+01  1.83186674E+01 -2.73923684E+01 -9.07370097E+00  2.47122241E+01  6.14368741E+02  2.56853723E-02
  4.76887677E+02 -6.34460840E+02 -1.57573163E+02  1.39557004E+01  1.84177975E+01 -2.67412464E+01 -8.32344886E+00  2.38234532E+01  5.71143129E+02  2.47616023E-02
  4.70749624E+02 -6.58173527E+02 -1.87423903E+02 -1.19686341E+01  1.79669140E+01 -2.71047963E+01 -9.13788224E+00  2.43687873E+01  5.97142566E+02  2.53284112E-02
  5.81429611E+02 -7.26662400E+02 -1.45232788E+02  4.25887178E+01  2.13018053E+01 -2.79182295E+01 -6.61642416E+00  2.60863203E+01  6.83649284E+02  2.71135792E-02
  5.11183389E+02 -6.96659716E+02 -1.85476327E+02 -3.52612016E+00  1.90022144E+01 -2.76520868E+01 -8.64987237E+00  2.52708621E+01  6.41692069E+02  2.62660089E-02
  4.99347089E+02 -6.71030672E+02 -1.71683583E+02  6.49666437E+00  1.88037473E+01 -2.72151829E+01 -8.41143558E+00  2.47472566E+01  6.15607681E+02  2.57217843E-02
  4.61242846E+02 -6.37499502E+02 -1.76256657E+02 -4.18245263E+00  1.77285475E+01 -2.67715234E+01 -9.04297586E+00  2.38991950E+01  5.74918730E+02  2.48403267E-02
  5.41460012E+02 -6.54647470E+02 -1.13187458E+02  6.31828195E+01  2.06595232E+01 -2.68134704E+01 -6.15394725E+00  2.44958719E+01  6.04018256E+02  2.54605002E-02
  5.15078715E+02 -7.07812882E+02 -1.92734167E+02 -9.20164357E+00  1.90781571E+01 -2.78456034E+01 -8.76744632E+00  2.54906283E+01  6.52607731E+02  2.64944293E-02
  4.57738333E+02 -6.27185035E+02 -1.69446702E+02  5.64480156E-01  1.75410718E+01 -2.66813393E+01 -9.14026752E+00  2.36126642E+01  5.61799043E+02  2.45425125E-02
  5.08347620E+02 -6.45809605E+02 -1.37461985E+02  3.70481441E+01  1.93877164E+01 -2.67486246E+01 -7.36090825E+00  2.42375180E+01  5.91318777E+02  2.51919725E-02
  4.81069435E+02 -6.49510596E+02 -1.68441160E+02  6.31109098E+00  1.82376642E+01 -2.68603636E+01 -8.62269939E+00  2.42711460E+01  5.93034510E+02  2.52269248E-02
  5.29426201E+02 -7.11807762E+02 -1.82381560E+02  2.08690214E+00  1.95912518E+01 -2.78521322E+01 -8.26088049E+00  2.56206198E+01  6.59314523E+02  2.66295398E-02
  5.27220836E+02 -6.61974264E+02 -1.34753428E+02  4.22299115E+01  2.01196065E+01 -2.70100284E+01 -6.89042190E+00  2.45810193E+01  6.08082742E+02  2.55490007E-02
  4.39979780E+02 -6.41364442E+02 -2.01384662E+02 -2.94122654E+01  1.67710706E+01 -2.69574582E+01 -1.01863877E+01  2.38850551E+01  5.74362224E+02  2.48256300E-02
  5.31714429E+02 -7.26711957E+02 -1.94997528E+02 -8.61470383E+00  1.96794289E+01 -2.81292934E+01 -8.44986449E+00  2.58865034E+01  6.72653598E+02  2.69058937E-02
  4.76688732E+02 -6.68693322E+02 -1.92004591E+02 -1.47939812E+01  1.78467029E+01 -2.72610546E+01 -9.41435167E+00  2.46125847E+01  6.09741105E+02  2.55818091E-02
  4.77819425E+02 -6.70359670E+02 -1.92540245E+02 -1.56015175E+01  1.81289134E+01 -2.73674364E+01 -9.23852298E+00  2.45748233E+01  6.07029841E+02  2.55425607E-02
  5.13056797E+02 -7.15492731E+02 -2.02435934E+02 -1.77255478E+01  1.88810481E+01 -2.79525429E+01 -9.07149481E+00  2.56542203E+01  6.61686017E+02  2.66644635E-02
  4.35401616E+02 -6.61123995E+02 -2.25722380E+02 -4.99646653E+01  1.63062159E+01 -2.71894706E+01 -1.08832546E+01  2.44107937E+01  5.99308113E+02  2.53720717E-02
  4.93361153E+02 -6.68732957E+02 -1.75371805E+02  1.12022279E+00  1.89153706E+01 -2.73622871E+01 -8.44691649E+00  2.45127816E+01  6.04199915E+02  2.54780758E-02
  4.99463365E+02 -6.55260907E+02 -1.55797542E+02  1.96677299E+01  1.89881355E+01 -2.69874937E+01 -7.99935819E+00  2.43701767E+01  5.97525830E+02  2.53298552E-02
  4.86480979E+02 -6.35142926E+02 -1.48661947E+02  2.34652789E+01  1.87553594E+01 -2.66763760E+01 -7.92101666E+00  2.39065591E+01  5.75354409E+02  2.48479808E-02
  5.10580708E+02 -6.58947717E+02 -1.48367010E+02  2.75883453E+01  1.95278972E+01 -2.70581889E+01 -7.53029171E+00  2.44382437E+01  6.00724229E+02  2.54006027E-02
  5.12768763E+02 -6.95847567E+02 -1.83078803E+02 -4.00600720E-01  1.90386010E+01 -2.74882676E+01 -8.44966658E+00  2.53719726E+01  6.47394957E+02  2.63711010E-02
  4.75752745E+02 -6.35745959E+02 -1.59993214E+02  1.17077201E+01  1.82876521E+01 -2.67751840E+01 -8.48753190E+00  2.38473519E+01  5.72299686E+02  2.47864420E-02
  4.75575894E+02 -6.65529228E+02 -1.89953334E+02 -1.33709095E+01  1.79213256E+01 -2.72301804E+01 -9.30885476E+00  2.45253368E+01  6.05278394E+02  2.54911254E-02
  5.18450157E+02 -7.01973543E+02 -1.83523386E+02 -1.07703289E+00  1.93184982E+01 -2.77782737E+01 -8.45977558E+00  2.53397712E+01  6.45278464E+02  2.63376317E-02
  4.71924253E+02 -6.39892887E+02 -1.67968634E+02  4.69185843E+00  1.79962856E+01 -2.67973140E+01 -8.80102838E+00  2.39806239E+01  5.78821123E+02  2.49249622E-02
  4.86535127E+02 -6.49256971E+02 -1.62721844E+02  1.18140733E+01  1.84675250E+01 -2.68895600E+01 -8.42203493E+00  2.42410997E+01  5.91542302E+02  2.51956953E-02
  5.00051232E+02 -6.59406306E+02 -1.59355074E+02  1.66990576E+01  1.88546344E+01 -2.70724048E+01 -8.21777036E+00  2.44519628E+01  6.01888173E+02  2.54148620E-02
  5.57694055E+02 -6.76602709E+02 -1.18908653E+02  6.12331976E+01  2.10378342E+01 -2.71268441E+01 -6.08900989E+00  2.50197015E+01  6.29254859E+02  2.60049578E-02
  4.75081949E+02 -6.78614391E+02 -2.03532442E+02 -2.50543890E+01  1.78613521E+01 -2.74515696E+01 -9.59021741E+00  2.47886184E+01  6.18323980E+02  2.57647749E-02
  4.99190843E+02 -6.65672004E+02 -1.66481161E+02  1.07807893E+01  1.88923747E+01 -2.71222886E+01 -8.22991387E+00  2.46197152E+01  6.09743166E+02  2.55892204E-02
  5.52907577E+02 -7.02391930E+02 -1.49484353E+02  3.44545561E+01  2.05394870E+01 -2.75599100E+01 -7.02042295E+00  2.55470707E+01  6.55807273E+02  2.65530944E-02
  4.57335386E+02 -6.57525323E+02 -2.00189937E+02 -2.51705123E+01  1.73045090E+01 -2.71511580E+01 -9.84664899E+00  2.43082534E+01  5.94551473E+02  2.52654935E-02
  5.17537381E+02 -6.69070354E+02 -1.51532972E+02  2.69671897E+01  1.95075667E+01 -2.70716129E+01 -7.56404617E+00  2.47916892E+01  6.18275541E+02  2.57679666E-02
  4.74808287E+02 -6.54190672E+02 -1.79382385E+02 -4.82994098E+00  1.81108671E+01 -2.70794826E+01 -8.96861549E+00  2.42433950E+01  5.91423529E+02  2.51980809E-02
  5.98021147E+02 -7.35819807E+02 -1.37798659E+02  5.16677043E+01  2.18906747E+01 -2.80126067E+01 -6.12193193E+00  2.63147727E+01  6.95249621E+02  2.73510280E-02
  4.30510364E+02 -6.47273680E+02 -2.16763316E+02 -4.35999390E+01  1.63644113E+01 -2.70131834E+01 -1.06487721E+01  2.40504690E+01  5.81941759E+02  2.49975577E-02
  4.47182368E+02 -6.51520075E+02 -2.04337707E+02 -3.02564394E+01  1.68819076E+01 -2.70505196E+01 -1.01686120E+01  2.41779538E+01  5.88424191E+02  2.51300628E-02
  4.50177677E+02 -6.61579509E+02 -2.11401832E+02 -3.58617477E+01  1.70343402E+01 -2.72320668E+01 -1.01977266E+01  2.43805673E+01  5.97712853E+02  2.53406550E-02
  5.02731566E+02 -6.71544235E+02 -1.68812669E+02  8.89486045E+00  1.90492515E+01 -2.72989002E+01 -8.24964867E+00  2.46816013E+01  6.12365686E+02  2.56535435E-02
  5.02602120E+02 -6.59817495E+02 -1.57215374E+02  1.82036976E+01  1.91641427E+01 -2.71821778E+01 -8.01803511E+00  2.43637600E+01  5.97259664E+02  2.53231859E-02
  5.43657255E+02 -6.99189497E+02 -1.55532242E+02  2.72666569E+01  2.03080520E+01 -2.76100794E+01 -7.30202734E+00  2.53887360E+01  6.47732416E+02  2.63885246E-02
  4.62092588E+02 -6.36857351E+02 -1.74764763E+02 -3.25898101E+00  1.77138282E+01 -2.68497500E+01 -9.13592178E+00  2.38202475E+01  5.71257475E+02  2.47582703E-02
  5.28488549E+02 -6.92066712E+02 -1.63578163E+02  1.80380893E+01  1.96939307E+01 -2.75247790E+01 -7.83084828E+00  2.52244795E+01  6.39359527E+02  2.62177998E-02
  4.93127058E+02 -6.40290637E+02 -1.47163580E+02  2.55390911E+01  1.88714645E+01 -2.67953810E+01 -7.92391650E+00  2.39864821E+01  5.79592736E+02  2.49310510E-02
  4.73954301E+02 -6.38611287E+02 -1.64656986E+02  7.70270672E+00  1.81260873E+01 -2.67944224E+01 -8.66833510E+00  2.39388462E+01  5.76791087E+02  2.48815392E-02
  5.02793291E+02 -6.78223168E+02 -1.75429877E+02  4.33183148E+00  1.86921345E+01 -2.72440101E+01 -8.55187563E+00  2.49669040E+01  6.27407765E+02  2.59500812E-02
  4.81010316E+02 -6.61270147E+02 -1.80259831E+02 -3.78199929E+00  1.81864026E+01 -2.70659511E+01 -8.87954850E+00  2.45108099E+01  6.04491240E+02  2.54760265E-02
  5.14975530E+02 -6.81965023E+02 -1.66989493E+02  1.26206007E+01  1.93174695E+01 -2.74193973E+01 -8.10192781E+00  2.49458464E+01  6.25747853E+02  2.59281944E-02
  4.89070199E+02 -6.47738035E+02 -1.58667836E+02  1.54184378E+01  1.87597260E+01 -2.68864645E+01 -8.12673851E+00  2.41786491E+01  5.88127282E+02  2.51307854E-02
  5.14320492E+02 -6.74278901E+02 -1.59958409E+02  1.89213591E+01  1.93195295E+01 -2.72315107E+01 -7.91198122E+00  2.48444122E+01  6.20818905E+02  2.58227658E-02
  4.92377928E+02 -6.84682854E+02 -1.92304926E+02 -1.24328221E+01  1.84869523E+01 -2.74881250E+01 -9.00117272E+00  2.49822366E+01  6.27137569E+02  2.59660176E-02
  4.74638375E+02 -6.50243629E+02 -1.75605254E+02 -1.19693740E+00  1.80371312E+01 -2.69491152E+01 -8.91198398E+00  2.42233773E+01  5.90554613E+02  2.51772750E-02
  5.20748532E+02 -6.89699442E+02 -1.68950909E+02  1.16920539E+01  1.95355965E+01 -2.75613014E+01 -8.02570487E+00  2.50893005E+01  6.32791781E+02  2.60772976E-02
  4.82826191E+02 -6.50576310E+02 -1.67750119E+02  6.33807837E+00  1.84318714E+01 -2.70054326E+01 -8.57356123E+00  2.41789163E+01  5.88248571E+02  2.51310631E-02
  4.68262470E+02 -6.46758850E+02 -1.78496381E+02 -4.83739564E+00  1.78232361E+01 -2.69198315E+01 -9.09659543E+00  2.41193035E+01  5.85459171E+02  2.50691028E-02
  4.81851688E+02 -6.50202893E+02 -1.68351205E+02  6.00210638E+00  1.82970998E+01 -2.69550192E+01 -8.65791939E+00  2.42157377E+01  5.90436852E+02  2.51693346E-02
  4.65132501E+02 -6.48094318E+02 -1.82961817E+02 -8.81134299E+00  1.76083097E+01 -2.69010338E+01 -9.29272410E+00  2.41875658E+01  5.89046546E+02  2.51400533E-02
  5.07479727E+02 -6.56639973E+02 -1.49160246E+02  2.70206650E+01  1.92638758E+01 -2.69377048E+01 -7.67382905E+00  2.44695710E+01  6.02322673E+02  2.54331636E-02
  5.05667149E+02 -6.58191779E+02 -1.52524630E+02  2.36842056E+01  1.90214484E+01 -2.70016328E+01 -7.98018436E+00  2.44734494E+01  6.02936965E+02  2.54371948E-02
  4.48659233E+02 -6.36918371E+02 -1.88259138E+02 -1.66626344E+01  1.72583120E+01 -2.68302436E+01 -9.57193161E+00  2.38328477E+01  5.71569172E+02  2.47713666E-02
  4.57202550E+02 -6.51050452E+02 -1.93847903E+02 -1.96490283E+01  1.74713782E+01 -2.70049091E+01 -9.53353096E+00  2.41942881E+01  5.88759619E+02  2.51470403E-02
  4.69673721E+02 -6.52924732E+02 -1.83251011E+02 -8.56185093E+00  1.79251716E+01 -2.70037722E+01 -9.07860056E+00  2.42623833E+01  5.92234450E+02  2.52178171E-02
  4.90015513E+02 -6.65949879E+02 -1.75934366E+02  9.10894018E-01  1.85602649E+01 -2.72067784E+01 -8.64651350E+00  2.45618417E+01  6.06780743E+02  2.55290679E-02
  4.37155973E+02 -6.47733401E+02 -2.10577428E+02 -3.71279735E+01  1.65556388E+01 -2.69803679E+01 -1.04247291E+01  2.40902020E+01  5.84408586E+02  2.50388554E-02
  4.81223490E+02 -6.50153538E+02 -1.68930048E+02  5.86375153E+00  1.81908114E+01 -2.68886654E+01 -8.69785398E+00  2.42769167E+01  5.93404850E+02  2.52329227E-02
  5.15366085E+02 -6.51148265E+02 -1.35782180E+02  3.97495773E+01  1.96177260E+01 -2.68137148E+01 -7.19598883E+00  2.43794108E+01  5.98088704E+02  2.53394530E-02
  5.10962864E+02 -6.68460503E+02 -1.57497640E+02  2.08885955E+01  1.93166223E+01 -2.70739777E+01 -7.75735535E+00  2.47758660E+01  6.16986389E+02  2.57515203E-02
  4.59769103E+02 -6.45716420E+02 -1.85947317E+02 -1.29346734E+01  1.73995258E+01 -2.69945379E+01 -9.59501212E+00  2.40295339E+01  5.81170169E+02  2.49757982E-02
  4.98579636E+02 -6.83655979E+02 -1.85076343E+02 -5.23372471E+00  1.85812936E+01 -2.74648418E+01 -8.88354823E+00  2.49781414E+01  6.27459152E+02  2.59617611E-02
  5.42137883E+02 -6.84938472E+02 -1.42800589E+02  3.72411253E+01  2.03910023E+01 -2.74549652E+01 -7.06396292E+00  2.50057937E+01  6.29626230E+02  2.59905023E-02
  5.05803852E+02 -6.53621513E+02 -1.47817661E+02  2.77583026E+01  1.91382364E+01 -2.69124677E+01 -7.77423126E+00  2.43855506E+01  5.98339169E+02  2.53458345E-02
  4.53780042E+02 -6.32142969E+02 -1.78362927E+02 -7.78803381E+00  1.74113527E+01 -2.68002499E+01 -9.38889722E+00  2.36909574E+01  5.64949043E+02  2.46238889E-02
  5.00947931E+02 -6.67040907E+02 -1.66092976E+02  1.09302736E+01  1.90048114E+01 -2.72213618E+01 -8.21655041E+00  2.45865625E+01  6.07922146E+02  2.55547622E-02
  4.83322446E+02 -6.72775546E+02 -1.89453100E+02 -1.20422504E+01  1.81954872E+01 -2.73913759E+01 -9.19588866E+00  2.46403958E+01  6.10982396E+02  2.56107154E-02
