# PIMCID: 1e8b4baa-a2a6-46f4-b0b8-955cec5b317f
#    Number Bins
             592
             580
             568
             636
             586
             548
             555
             541
             580
             567
             584
             544
             555
             568
             552
             559
             585
             568
             561
             563
             581
             566
             555
             559
             571
             558
             571
             562
             578
             575
             566
             547
             559
             583
             571
             581
             557
             555
             566
             562
             576
             565
             562
             554
             558
             588
             560
             556
             576
             567
             581
             548
             565
             551
             571
             562
             576
             581
             544
             576
             614
             558
             552
             583
             554
             572
             573
             571
             555
             549
             575
             566
             582
             580
             556
             569
             587
             580
             565
             559
             562
             573
             533
             556
             541
             597
             569
             544
             592
             561
             566
             590
             567
             586
             566
             558
             558
             583
             574
             579
             612
             561
             582
             591
             603
             608
             597
             594
             584
             592
             595
             660
             597
             606
             617
             612
             625
             625
             606
             634
             614
             598
             604
             605
             638
             607
             621
             617
             607
             629
             609
             603
             610
             608
             606
             603
             604
             604
             600
             619
             594
             600
             594
             612
             472
             495
             504
             445
             470
             480
             480
